                       10                       4
   0.0000000000000000E+000
   0.0000000000000000E+000
   0.0000000000000000E+000
   0.0000000000000000E+000
   0.0000000000000000E+000
   0.0000000000000000E+000
   0.0000000000000000E+000
   0.0000000000000000E+000
   0.0000000000000000E+000
   0.0000000000000000E+000
   0.0000000000000000E+000
   0.0000000000000000E+000
   0.0000000000000000E+000
   0.0000000000000000E+000
   0.0000000000000000E+000
   0.0000000000000000E+000
   0.0000000000000000E+000
   0.4460616177174634     
   0.0000000000000000E+000
   0.0000000000000000E+000
  -0.4460616177174634     
   0.0000000000000000E+000
   0.0000000000000000E+000
   0.0000000000000000E+000
   0.0000000000000000E+000
   0.0000000000000000E+000
   0.0000000000000000E+000
   0.0000000000000000E+000
   0.0000000000000000E+000
   0.0000000000000000E+000
   0.0000000000000000E+000
   0.0000000000000000E+000
   0.0000000000000000E+000
   0.0000000000000000E+000
   0.5920731994430735     
   3.1774638475923211E-011
   0.0000000000000000E+000
   0.0000000000000000E+000
   3.1774992359512311E-011
   0.1178041506774263     
  -0.5920731994430735     
  -3.1774992359512311E-011
   0.0000000000000000E+000
   0.0000000000000000E+000
  -3.1774638475923211E-011
  -0.1178041506774263     
   0.0000000000000000E+000
   0.0000000000000000E+000
   0.0000000000000000E+000
   0.0000000000000000E+000
   3.1774638475923211E-011
   0.5638657683948900     
   0.0000000000000000E+000
   0.0000000000000000E+000
   0.1178041506774263     
  -2.4824080291363515E-011
  -3.1774638475923211E-011
  -0.1178041506774263     
   0.0000000000000000E+000
   0.0000000000000000E+000
  -0.5638657683948900     
   2.4824080291363515E-011
   0.0000000000000000E+000
   0.0000000000000000E+000
   0.0000000000000000E+000
  -0.4460616177174634     
   0.0000000000000000E+000
   0.0000000000000000E+000
   0.4460616177174634     
   0.0000000000000000E+000
   0.0000000000000000E+000
   0.0000000000000000E+000
   0.0000000000000000E+000
   0.0000000000000000E+000
   0.0000000000000000E+000
   0.0000000000000000E+000
   0.0000000000000000E+000
   0.0000000000000000E+000
   0.0000000000000000E+000
   0.0000000000000000E+000
   0.0000000000000000E+000
   0.0000000000000000E+000
   0.0000000000000000E+000
   0.0000000000000000E+000
   0.0000000000000000E+000
   0.0000000000000000E+000
   0.0000000000000000E+000
   0.0000000000000000E+000
   0.0000000000000000E+000
   0.0000000000000000E+000
   0.0000000000000000E+000
   0.0000000000000000E+000
   0.0000000000000000E+000
   0.0000000000000000E+000
   0.0000000000000000E+000
   0.0000000000000000E+000
   0.0000000000000000E+000
   0.0000000000000000E+000
   3.1774992359512311E-011
   0.1178041506774263     
   0.0000000000000000E+000
   0.0000000000000000E+000
   0.5638657683948898     
  -2.4824142741408650E-011
  -3.1774992359512311E-011
  -0.5638657683948898     
   0.0000000000000000E+000
   0.0000000000000000E+000
  -0.1178041506774263     
   2.4824142741408650E-011
   0.0000000000000000E+000
   0.0000000000000000E+000
   0.0000000000000000E+000
   0.0000000000000000E+000
   0.1178041506774263     
  -2.4824080291363515E-011
   0.0000000000000000E+000
   0.0000000000000000E+000
  -2.4824142741408650E-011
   0.6213305977738112     
  -0.1178041506774263     
   2.4824142741408650E-011
   0.0000000000000000E+000
   0.0000000000000000E+000
   2.4824080291363515E-011
  -0.6213305977738112     
   0.0000000000000000E+000
   0.0000000000000000E+000
   0.0000000000000000E+000
   0.0000000000000000E+000
  -0.5920731994430735     
  -3.1774638475923211E-011
   0.0000000000000000E+000
   0.0000000000000000E+000
  -3.1774992359512311E-011
  -0.1178041506774263     
   0.5920731994430735     
   3.1774992359512311E-011
   0.0000000000000000E+000
   0.0000000000000000E+000
   3.1774638475923211E-011
   0.1178041506774263     
   0.0000000000000000E+000
   0.0000000000000000E+000
   0.0000000000000000E+000
   0.0000000000000000E+000
  -3.1774992359512311E-011
  -0.1178041506774263     
   0.0000000000000000E+000
   0.0000000000000000E+000
  -0.5638657683948898     
   2.4824142741408650E-011
   3.1774992359512311E-011
   0.5638657683948898     
   0.0000000000000000E+000
   0.0000000000000000E+000
   0.1178041506774263     
  -2.4824142741408650E-011
   0.0000000000000000E+000
   0.0000000000000000E+000
   0.0000000000000000E+000
   0.0000000000000000E+000
   0.0000000000000000E+000
   0.0000000000000000E+000
   0.0000000000000000E+000
   0.0000000000000000E+000
   0.0000000000000000E+000
   0.0000000000000000E+000
   0.0000000000000000E+000
   0.0000000000000000E+000
   0.0000000000000000E+000
   0.0000000000000000E+000
   0.0000000000000000E+000
   0.0000000000000000E+000
   0.0000000000000000E+000
   0.0000000000000000E+000
   0.0000000000000000E+000
   0.0000000000000000E+000
   0.0000000000000000E+000
   0.0000000000000000E+000
   0.0000000000000000E+000
   0.0000000000000000E+000
   0.0000000000000000E+000
   0.0000000000000000E+000
   0.0000000000000000E+000
   0.0000000000000000E+000
   0.0000000000000000E+000
   0.4460616177174634     
   0.0000000000000000E+000
   0.0000000000000000E+000
  -0.4460616177174634     
   0.0000000000000000E+000
   0.0000000000000000E+000
   0.0000000000000000E+000
  -3.1774638475923211E-011
  -0.5638657683948900     
   0.0000000000000000E+000
   0.0000000000000000E+000
  -0.1178041506774263     
   2.4824080291363515E-011
   3.1774638475923211E-011
   0.1178041506774263     
   0.0000000000000000E+000
   0.0000000000000000E+000
   0.5638657683948900     
  -2.4824080291363515E-011
   0.0000000000000000E+000
   0.0000000000000000E+000
   0.0000000000000000E+000
   0.0000000000000000E+000
  -0.1178041506774263     
   2.4824080291363515E-011
   0.0000000000000000E+000
   0.0000000000000000E+000
   2.4824142741408650E-011
  -0.6213305977738112     
   0.1178041506774263     
  -2.4824142741408650E-011
   0.0000000000000000E+000
   0.0000000000000000E+000
  -2.4824080291363515E-011
   0.6213305977738112     
   0.0000000000000000E+000
   0.0000000000000000E+000
   0.0000000000000000E+000
   0.0000000000000000E+000
   0.0000000000000000E+000
   0.0000000000000000E+000
   0.0000000000000000E+000
   0.0000000000000000E+000
   0.0000000000000000E+000
   0.0000000000000000E+000
   0.0000000000000000E+000
   0.0000000000000000E+000
   0.0000000000000000E+000
  -0.4460616177174634     
   0.0000000000000000E+000
   0.0000000000000000E+000
   0.4460616177174634     
   0.0000000000000000E+000
   0.0000000000000000E+000
   0.0000000000000000E+000
   0.0000000000000000E+000
   0.0000000000000000E+000
   0.0000000000000000E+000
   0.0000000000000000E+000
   0.0000000000000000E+000
   0.0000000000000000E+000
   0.0000000000000000E+000
   0.0000000000000000E+000
   0.0000000000000000E+000
   0.0000000000000000E+000
   0.0000000000000000E+000
   0.0000000000000000E+000
   0.0000000000000000E+000
   0.0000000000000000E+000
