                       10                       4
   0.0000000000000000E+000
   0.0000000000000000E+000
   0.0000000000000000E+000
   0.0000000000000000E+000
   0.0000000000000000E+000
   0.0000000000000000E+000
   0.0000000000000000E+000
   0.0000000000000000E+000
   0.0000000000000000E+000
   0.0000000000000000E+000
   0.0000000000000000E+000
   0.0000000000000000E+000
   0.0000000000000000E+000
   0.0000000000000000E+000
   0.0000000000000000E+000
   0.0000000000000000E+000
   0.0000000000000000E+000
   0.0000000000000000E+000
   0.0000000000000000E+000
   0.0000000000000000E+000
   0.0000000000000000E+000
   0.0000000000000000E+000
   0.0000000000000000E+000
   0.0000000000000000E+000
   0.0000000000000000E+000
   0.0000000000000000E+000
   0.0000000000000000E+000
   0.0000000000000000E+000
   0.0000000000000000E+000
   0.0000000000000000E+000
   0.0000000000000000E+000
   0.0000000000000000E+000
   0.0000000000000000E+000
   0.0000000000000000E+000
   0.0000000000000000E+000
   0.0000000000000000E+000
   0.0000000000000000E+000
   0.0000000000000000E+000
   0.0000000000000000E+000
   0.0000000000000000E+000
   1.8494100565216720E-012
  -1.4901198330807830E-011
  -0.1060581069810982     
  -3.8016294973131082E-011
   6.3970623607386342E-017
   0.0000000000000000E+000
   0.0000000000000000E+000
   0.0000000000000000E+000
   0.0000000000000000E+000
   0.0000000000000000E+000
   1.8185834460800583E-002
  -7.7859335534406937E-002
   3.5058119601805160E-011
  -9.9336519158553099E-002
  -1.7247725087648327E-015
   0.0000000000000000E+000
   0.0000000000000000E+000
   0.0000000000000000E+000
   0.0000000000000000E+000
   0.0000000000000000E+000
   0.0000000000000000E+000
   0.0000000000000000E+000
   0.0000000000000000E+000
   0.0000000000000000E+000
   0.0000000000000000E+000
   0.0000000000000000E+000
   0.0000000000000000E+000
   0.0000000000000000E+000
   0.0000000000000000E+000
   0.0000000000000000E+000
   0.0000000000000000E+000
   0.0000000000000000E+000
   0.0000000000000000E+000
   0.0000000000000000E+000
   0.0000000000000000E+000
   0.0000000000000000E+000
   0.0000000000000000E+000
   0.0000000000000000E+000
   0.0000000000000000E+000
   0.0000000000000000E+000
   0.0000000000000000E+000
   0.0000000000000000E+000
   0.0000000000000000E+000
   0.0000000000000000E+000
   0.0000000000000000E+000
   7.8258857462045819E-003
   9.3019308459070943E-002
   1.2539164151448290E-011
   4.4108038772950588E-002
   5.5274335428569964E-016
   0.0000000000000000E+000
   0.0000000000000000E+000
   0.0000000000000000E+000
   0.0000000000000000E+000
   0.0000000000000000E+000
  -8.6892190491461019E-014
  -7.7753116445311576E-012
   6.8252903783537364E-002
   6.6543194565671371E-012
   2.4065707911132461E-017
  -7.8258857462046028E-003
  -9.3019308459071040E-002
  -1.2539108640297059E-011
  -4.4108038772950414E-002
   1.0073645586437219E-015
   0.0000000000000000E+000
   0.0000000000000000E+000
   0.0000000000000000E+000
   0.0000000000000000E+000
   0.0000000000000000E+000
   8.6859772846503702E-014
   7.7752630722738303E-012
  -6.8252903783537350E-002
  -6.6542674148628578E-012
  -4.5147941267901551E-017
   0.0000000000000000E+000
   0.0000000000000000E+000
   0.0000000000000000E+000
   0.0000000000000000E+000
   0.0000000000000000E+000
   0.0000000000000000E+000
   0.0000000000000000E+000
   0.0000000000000000E+000
   0.0000000000000000E+000
   0.0000000000000000E+000
   1.7624837136617777E-012
  -2.2676575894831075E-011
  -3.7805203197560963E-002
  -3.1362162866699350E-011
   3.1424809925330615E-017
   0.0000000000000000E+000
   0.0000000000000000E+000
   0.0000000000000000E+000
   0.0000000000000000E+000
   0.0000000000000000E+000
   1.2716522907601316E-002
  -8.2153331006595796E-003
  -6.2108825027440417E-012
  -5.7212227770948559E-002
  -1.1272092492600936E-015
   8.6859772846503702E-014
   7.7752630722738303E-012
  -6.8252903783537350E-002
  -6.6542674148628578E-012
  -4.5147941267901551E-017
   0.0000000000000000E+000
   0.0000000000000000E+000
   0.0000000000000000E+000
   0.0000000000000000E+000
   0.0000000000000000E+000
   5.4693115531992079E-003
  -6.9644002433747451E-002
   4.1269057615700433E-011
  -4.2124291387604498E-002
   1.1817817767695425E-015
   0.0000000000000000E+000
   0.0000000000000000E+000
   0.0000000000000000E+000
   0.0000000000000000E+000
   0.0000000000000000E+000
  -1.8494100565216720E-012
   1.4901198330807830E-011
   0.1060581069810982     
   3.8016294973131082E-011
  -6.3970623607386342E-017
   0.0000000000000000E+000
   0.0000000000000000E+000
   0.0000000000000000E+000
   0.0000000000000000E+000
   0.0000000000000000E+000
  -1.8185834460800583E-002
   7.7859335534406937E-002
  -3.5058119601805160E-011
   9.9336519158553099E-002
   1.7247725087648327E-015
   0.0000000000000000E+000
   0.0000000000000000E+000
   0.0000000000000000E+000
   0.0000000000000000E+000
   0.0000000000000000E+000
   0.0000000000000000E+000
   0.0000000000000000E+000
   0.0000000000000000E+000
   0.0000000000000000E+000
   0.0000000000000000E+000
   0.0000000000000000E+000
   0.0000000000000000E+000
   0.0000000000000000E+000
   0.0000000000000000E+000
   0.0000000000000000E+000
   0.0000000000000000E+000
   0.0000000000000000E+000
   0.0000000000000000E+000
   0.0000000000000000E+000
   0.0000000000000000E+000
   0.0000000000000000E+000
   0.0000000000000000E+000
   0.0000000000000000E+000
   0.0000000000000000E+000
   0.0000000000000000E+000
   0.0000000000000000E+000
   0.0000000000000000E+000
   0.0000000000000000E+000
   0.0000000000000000E+000
   0.0000000000000000E+000
   0.0000000000000000E+000
   0.0000000000000000E+000
   0.0000000000000000E+000
   0.0000000000000000E+000
   0.0000000000000000E+000
   0.0000000000000000E+000
   0.0000000000000000E+000
   0.0000000000000000E+000
   0.0000000000000000E+000
   0.0000000000000000E+000
   0.0000000000000000E+000
   0.0000000000000000E+000
   0.0000000000000000E+000
   0.0000000000000000E+000
   0.0000000000000000E+000
   0.0000000000000000E+000
   0.0000000000000000E+000
   0.0000000000000000E+000
   0.0000000000000000E+000
   0.0000000000000000E+000
   0.0000000000000000E+000
   0.0000000000000000E+000
   0.0000000000000000E+000
   0.0000000000000000E+000
   0.0000000000000000E+000
   0.0000000000000000E+000
   0.0000000000000000E+000
   0.0000000000000000E+000
   0.0000000000000000E+000
   0.0000000000000000E+000
   0.0000000000000000E+000
   0.0000000000000000E+000
   0.0000000000000000E+000
   0.0000000000000000E+000
   0.0000000000000000E+000
   0.0000000000000000E+000
   0.0000000000000000E+000
   0.0000000000000000E+000
   0.0000000000000000E+000
   0.0000000000000000E+000
  -8.6892190491461019E-014
  -7.7753116445311576E-012
   6.8252903783537364E-002
   6.6543194565671371E-012
   2.4065707911132461E-017
   0.0000000000000000E+000
   0.0000000000000000E+000
   0.0000000000000000E+000
   0.0000000000000000E+000
   0.0000000000000000E+000
  -5.4693115531992686E-003
   6.9644002433747354E-002
  -4.1269002104549202E-011
   4.2124291387604547E-002
   5.9756325950473912E-016
  -1.7625178660302110E-012
   2.2676509975338988E-011
   3.7805203197560797E-002
   3.1361975516563945E-011
  -8.8036331518518802E-017
   0.0000000000000000E+000
   0.0000000000000000E+000
   0.0000000000000000E+000
   0.0000000000000000E+000
   0.0000000000000000E+000
  -1.2716522907601318E-002
   8.2153331006595484E-003
   6.2108373999336663E-012
   5.7212227770948594E-002
   2.2298292908689906E-015
   0.0000000000000000E+000
   0.0000000000000000E+000
   0.0000000000000000E+000
   0.0000000000000000E+000
   0.0000000000000000E+000
   0.0000000000000000E+000
   0.0000000000000000E+000
   0.0000000000000000E+000
   0.0000000000000000E+000
   0.0000000000000000E+000
   1.2716522907601316E-002
  -8.2153331006595796E-003
  -6.2108825027440417E-012
  -5.7212227770948559E-002
  -1.1272092492600936E-015
   0.0000000000000000E+000
   0.0000000000000000E+000
   0.0000000000000000E+000
   0.0000000000000000E+000
   0.0000000000000000E+000
  -2.2440470705611948E-012
  -2.5907297140914665E-012
  -9.7826109232958772E-002
  -9.9251024066049354E-012
   2.5036500520995343E-017
  -1.2716522907601318E-002
   8.2153331006595484E-003
   6.2108373999336663E-012
   5.7212227770948594E-002
   2.2298292908689906E-015
   0.0000000000000000E+000
   0.0000000000000000E+000
   0.0000000000000000E+000
   0.0000000000000000E+000
   0.0000000000000000E+000
   2.2439819100106284E-012
   2.5906291001298598E-012
   9.7826109232958869E-002
   9.9250468954537041E-012
  -6.2388243281758529E-017
   0.0000000000000000E+000
   0.0000000000000000E+000
   0.0000000000000000E+000
   0.0000000000000000E+000
   0.0000000000000000E+000
   0.0000000000000000E+000
   0.0000000000000000E+000
   0.0000000000000000E+000
   0.0000000000000000E+000
   0.0000000000000000E+000
  -7.8258857462045819E-003
  -9.3019308459070943E-002
  -1.2539164151448290E-011
  -4.4108038772950588E-002
  -5.5274335428569964E-016
   0.0000000000000000E+000
   0.0000000000000000E+000
   0.0000000000000000E+000
   0.0000000000000000E+000
   0.0000000000000000E+000
   8.6892190491461019E-014
   7.7753116445311576E-012
  -6.8252903783537364E-002
  -6.6543194565671371E-012
  -2.4065707911132461E-017
   7.8258857462046028E-003
   9.3019308459071040E-002
   1.2539108640297059E-011
   4.4108038772950414E-002
  -1.0073645586437219E-015
   0.0000000000000000E+000
   0.0000000000000000E+000
   0.0000000000000000E+000
   0.0000000000000000E+000
   0.0000000000000000E+000
  -8.6859772846503702E-014
  -7.7752630722738303E-012
   6.8252903783537350E-002
   6.6542674148628578E-012
   4.5147941267901551E-017
   0.0000000000000000E+000
   0.0000000000000000E+000
   0.0000000000000000E+000
   0.0000000000000000E+000
   0.0000000000000000E+000
   0.0000000000000000E+000
   0.0000000000000000E+000
   0.0000000000000000E+000
   0.0000000000000000E+000
   0.0000000000000000E+000
   8.6892190491461019E-014
   7.7753116445311576E-012
  -6.8252903783537364E-002
  -6.6543194565671371E-012
  -2.4065707911132461E-017
   0.0000000000000000E+000
   0.0000000000000000E+000
   0.0000000000000000E+000
   0.0000000000000000E+000
   0.0000000000000000E+000
   5.4693115531992686E-003
  -6.9644002433747354E-002
   4.1269002104549202E-011
  -4.2124291387604547E-002
  -5.9756325950473912E-016
   1.7625178660302110E-012
  -2.2676509975338988E-011
  -3.7805203197560797E-002
  -3.1361975516563945E-011
   8.8036331518518802E-017
   0.0000000000000000E+000
   0.0000000000000000E+000
   0.0000000000000000E+000
   0.0000000000000000E+000
   0.0000000000000000E+000
   1.2716522907601318E-002
  -8.2153331006595484E-003
  -6.2108373999336663E-012
  -5.7212227770948594E-002
  -2.2298292908689906E-015
   0.0000000000000000E+000
   0.0000000000000000E+000
   0.0000000000000000E+000
   0.0000000000000000E+000
   0.0000000000000000E+000
   0.0000000000000000E+000
   0.0000000000000000E+000
   0.0000000000000000E+000
   0.0000000000000000E+000
   0.0000000000000000E+000
   0.0000000000000000E+000
   0.0000000000000000E+000
   0.0000000000000000E+000
   0.0000000000000000E+000
   0.0000000000000000E+000
   0.0000000000000000E+000
   0.0000000000000000E+000
   0.0000000000000000E+000
   0.0000000000000000E+000
   0.0000000000000000E+000
   0.0000000000000000E+000
   0.0000000000000000E+000
   0.0000000000000000E+000
   0.0000000000000000E+000
   0.0000000000000000E+000
   0.0000000000000000E+000
   0.0000000000000000E+000
   0.0000000000000000E+000
   0.0000000000000000E+000
   0.0000000000000000E+000
   0.0000000000000000E+000
   0.0000000000000000E+000
   0.0000000000000000E+000
   0.0000000000000000E+000
   0.0000000000000000E+000
   0.0000000000000000E+000
   0.0000000000000000E+000
   0.0000000000000000E+000
   0.0000000000000000E+000
   0.0000000000000000E+000
   0.0000000000000000E+000
   0.0000000000000000E+000
   0.0000000000000000E+000
   0.0000000000000000E+000
   0.0000000000000000E+000
   0.0000000000000000E+000
   0.0000000000000000E+000
   0.0000000000000000E+000
   0.0000000000000000E+000
   0.0000000000000000E+000
   0.0000000000000000E+000
   0.0000000000000000E+000
   0.0000000000000000E+000
   0.0000000000000000E+000
   0.0000000000000000E+000
   0.0000000000000000E+000
   0.0000000000000000E+000
   0.0000000000000000E+000
   0.0000000000000000E+000
   0.0000000000000000E+000
   0.0000000000000000E+000
   0.0000000000000000E+000
   0.0000000000000000E+000
   0.0000000000000000E+000
   0.0000000000000000E+000
   0.0000000000000000E+000
   0.0000000000000000E+000
   0.0000000000000000E+000
   0.0000000000000000E+000
   0.0000000000000000E+000
   1.8494100565216720E-012
  -1.4901198330807830E-011
  -0.1060581069810982     
  -3.8016294973131082E-011
   6.3970623607386342E-017
   0.0000000000000000E+000
   0.0000000000000000E+000
   0.0000000000000000E+000
   0.0000000000000000E+000
   0.0000000000000000E+000
   1.8185834460800583E-002
  -7.7859335534406937E-002
   3.5058119601805160E-011
  -9.9336519158553099E-002
  -1.7247725087648327E-015
   0.0000000000000000E+000
   0.0000000000000000E+000
   0.0000000000000000E+000
   0.0000000000000000E+000
   0.0000000000000000E+000
  -1.7624837136617777E-012
   2.2676575894831075E-011
   3.7805203197560963E-002
   3.1362162866699350E-011
  -3.1424809925330615E-017
   0.0000000000000000E+000
   0.0000000000000000E+000
   0.0000000000000000E+000
   0.0000000000000000E+000
   0.0000000000000000E+000
  -1.2716522907601316E-002
   8.2153331006595796E-003
   6.2108825027440417E-012
   5.7212227770948559E-002
   1.1272092492600936E-015
  -8.6859772846503702E-014
  -7.7752630722738303E-012
   6.8252903783537350E-002
   6.6542674148628578E-012
   4.5147941267901551E-017
   0.0000000000000000E+000
   0.0000000000000000E+000
   0.0000000000000000E+000
   0.0000000000000000E+000
   0.0000000000000000E+000
  -5.4693115531992079E-003
   6.9644002433747451E-002
  -4.1269057615700433E-011
   4.2124291387604498E-002
  -1.1817817767695425E-015
   0.0000000000000000E+000
   0.0000000000000000E+000
   0.0000000000000000E+000
   0.0000000000000000E+000
   0.0000000000000000E+000
   0.0000000000000000E+000
   0.0000000000000000E+000
   0.0000000000000000E+000
   0.0000000000000000E+000
   0.0000000000000000E+000
  -1.2716522907601316E-002
   8.2153331006595796E-003
   6.2108825027440417E-012
   5.7212227770948559E-002
   1.1272092492600936E-015
   0.0000000000000000E+000
   0.0000000000000000E+000
   0.0000000000000000E+000
   0.0000000000000000E+000
   0.0000000000000000E+000
   2.2440470705611948E-012
   2.5907297140914665E-012
   9.7826109232958772E-002
   9.9251024066049354E-012
  -2.5036500520995343E-017
   1.2716522907601318E-002
  -8.2153331006595484E-003
  -6.2108373999336663E-012
  -5.7212227770948594E-002
  -2.2298292908689906E-015
   0.0000000000000000E+000
   0.0000000000000000E+000
   0.0000000000000000E+000
   0.0000000000000000E+000
   0.0000000000000000E+000
  -2.2439819100106284E-012
  -2.5906291001298598E-012
  -9.7826109232958869E-002
  -9.9250468954537041E-012
   6.2388243281758529E-017
   0.0000000000000000E+000
   0.0000000000000000E+000
   0.0000000000000000E+000
   0.0000000000000000E+000
   0.0000000000000000E+000
   0.0000000000000000E+000
   0.0000000000000000E+000
   0.0000000000000000E+000
   0.0000000000000000E+000
   0.0000000000000000E+000
   0.0000000000000000E+000
   0.0000000000000000E+000
   0.0000000000000000E+000
   0.0000000000000000E+000
   0.0000000000000000E+000
   0.0000000000000000E+000
   0.0000000000000000E+000
   0.0000000000000000E+000
   0.0000000000000000E+000
   0.0000000000000000E+000
   0.0000000000000000E+000
   0.0000000000000000E+000
   0.0000000000000000E+000
   0.0000000000000000E+000
   0.0000000000000000E+000
   0.0000000000000000E+000
   0.0000000000000000E+000
   0.0000000000000000E+000
   0.0000000000000000E+000
   0.0000000000000000E+000
  -1.8494100565216720E-012
   1.4901198330807830E-011
   0.1060581069810982     
   3.8016294973131082E-011
  -6.3970623607386342E-017
   0.0000000000000000E+000
   0.0000000000000000E+000
   0.0000000000000000E+000
   0.0000000000000000E+000
   0.0000000000000000E+000
  -1.8185834460800583E-002
   7.7859335534406937E-002
  -3.5058119601805160E-011
   9.9336519158553099E-002
   1.7247725087648327E-015
   0.0000000000000000E+000
   0.0000000000000000E+000
   0.0000000000000000E+000
   0.0000000000000000E+000
   0.0000000000000000E+000
   0.0000000000000000E+000
   0.0000000000000000E+000
   0.0000000000000000E+000
   0.0000000000000000E+000
   0.0000000000000000E+000
   0.0000000000000000E+000
   0.0000000000000000E+000
   0.0000000000000000E+000
   0.0000000000000000E+000
   0.0000000000000000E+000
   0.0000000000000000E+000
   0.0000000000000000E+000
   0.0000000000000000E+000
   0.0000000000000000E+000
   0.0000000000000000E+000
   0.0000000000000000E+000
   0.0000000000000000E+000
   0.0000000000000000E+000
   0.0000000000000000E+000
   0.0000000000000000E+000
   0.0000000000000000E+000
   0.0000000000000000E+000
   0.0000000000000000E+000
   0.0000000000000000E+000
   0.0000000000000000E+000
   0.0000000000000000E+000
   0.0000000000000000E+000
   0.0000000000000000E+000
   0.0000000000000000E+000
   0.0000000000000000E+000
   0.0000000000000000E+000
   0.0000000000000000E+000
   0.0000000000000000E+000
   0.0000000000000000E+000
   0.0000000000000000E+000
