                       10                       4
   0.7606854406279473     
  -1.2941006973724833E-002
  -7.6971995942830274E-012
   2.0584993607451436E-002
   8.5991447872017868E-016
   0.0000000000000000E+000
   0.0000000000000000E+000
   0.0000000000000000E+000
   0.0000000000000000E+000
   0.0000000000000000E+000
   1.0007108586643015E-011
  -2.0009012350642730E-012
  -5.7505520360107681E-003
  -1.4505686690875763E-012
  -1.0333712919379357E-018
   0.0000000000000000E+000
   0.0000000000000000E+000
   0.0000000000000000E+000
   0.0000000000000000E+000
   0.0000000000000000E+000
   0.0000000000000000E+000
   0.0000000000000000E+000
   0.0000000000000000E+000
   0.0000000000000000E+000
   0.0000000000000000E+000
   0.0000000000000000E+000
   0.0000000000000000E+000
   0.0000000000000000E+000
   0.0000000000000000E+000
   0.0000000000000000E+000
   0.0000000000000000E+000
   0.0000000000000000E+000
   0.0000000000000000E+000
   0.0000000000000000E+000
   0.0000000000000000E+000
   0.0000000000000000E+000
   0.0000000000000000E+000
   0.0000000000000000E+000
   0.0000000000000000E+000
   0.0000000000000000E+000
  -1.2941006973724833E-002
   0.5072072768613620     
  -1.2764497792083773E-011
  -2.4937898382760768E-003
   2.6721756826596666E-016
   0.0000000000000000E+000
   0.0000000000000000E+000
   0.0000000000000000E+000
   0.0000000000000000E+000
   0.0000000000000000E+000
  -9.1590672763111614E-013
   1.1303646820642888E-011
  -6.5724562930952066E-002
  -1.1161450236274462E-011
  -1.1810670644211072E-017
   0.0000000000000000E+000
   0.0000000000000000E+000
   0.0000000000000000E+000
   0.0000000000000000E+000
   0.0000000000000000E+000
   0.0000000000000000E+000
   0.0000000000000000E+000
   0.0000000000000000E+000
   0.0000000000000000E+000
   0.0000000000000000E+000
   0.0000000000000000E+000
   0.0000000000000000E+000
   0.0000000000000000E+000
   0.0000000000000000E+000
   0.0000000000000000E+000
   0.0000000000000000E+000
   0.0000000000000000E+000
   0.0000000000000000E+000
   0.0000000000000000E+000
   0.0000000000000000E+000
   0.0000000000000000E+000
   0.0000000000000000E+000
   0.0000000000000000E+000
   0.0000000000000000E+000
   0.0000000000000000E+000
  -7.6971995942830274E-012
  -1.2764497792083773E-011
   0.4941263830047972     
  -8.5695339713254270E-016
  -1.7587580985298411E-016
   0.0000000000000000E+000
   0.0000000000000000E+000
   0.0000000000000000E+000
   0.0000000000000000E+000
   0.0000000000000000E+000
  -1.6192881248024159E-002
  -2.3141067592416145E-002
  -1.7590477685569539E-011
   2.8113708202659515E-002
   5.2881905052491865E-016
   0.0000000000000000E+000
   0.0000000000000000E+000
   0.0000000000000000E+000
   0.0000000000000000E+000
   0.0000000000000000E+000
   0.0000000000000000E+000
   0.0000000000000000E+000
   0.0000000000000000E+000
   0.0000000000000000E+000
   0.0000000000000000E+000
   0.0000000000000000E+000
   0.0000000000000000E+000
   0.0000000000000000E+000
   0.0000000000000000E+000
   0.0000000000000000E+000
   0.0000000000000000E+000
   0.0000000000000000E+000
   0.0000000000000000E+000
   0.0000000000000000E+000
   0.0000000000000000E+000
   0.0000000000000000E+000
   0.0000000000000000E+000
   0.0000000000000000E+000
   0.0000000000000000E+000
   0.0000000000000000E+000
   2.0584993607451436E-002
  -2.4937898382760768E-003
  -8.5695339713254270E-016
   0.4797457333445801     
  -6.8131510938627143E-016
   0.0000000000000000E+000
   0.0000000000000000E+000
   0.0000000000000000E+000
   0.0000000000000000E+000
   0.0000000000000000E+000
  -2.8910510053645200E-012
   1.3831201808867100E-012
  -2.5685833846632519E-003
   1.2264063029010508E-011
  -4.6157298385039949E-019
   0.0000000000000000E+000
   0.0000000000000000E+000
   0.0000000000000000E+000
   0.0000000000000000E+000
   0.0000000000000000E+000
   0.0000000000000000E+000
   0.0000000000000000E+000
   0.0000000000000000E+000
   0.0000000000000000E+000
   0.0000000000000000E+000
   0.0000000000000000E+000
   0.0000000000000000E+000
   0.0000000000000000E+000
   0.0000000000000000E+000
   0.0000000000000000E+000
   0.0000000000000000E+000
   0.0000000000000000E+000
   0.0000000000000000E+000
   0.0000000000000000E+000
   0.0000000000000000E+000
   0.0000000000000000E+000
   0.0000000000000000E+000
   0.0000000000000000E+000
   0.0000000000000000E+000
   0.0000000000000000E+000
   8.5991447872017868E-016
   2.6721756826596666E-016
  -1.7587580985298411E-016
  -6.8131510938627143E-016
   0.5455441681275354     
   0.0000000000000000E+000
   0.0000000000000000E+000
   0.0000000000000000E+000
   0.0000000000000000E+000
   0.0000000000000000E+000
   3.9013521141323767E-018
  -2.6480396048060400E-018
   3.2309303689204554E-016
   1.6043223557423470E-017
   6.3858705649788572E-012
   0.0000000000000000E+000
   0.0000000000000000E+000
   0.0000000000000000E+000
   0.0000000000000000E+000
   0.0000000000000000E+000
   0.0000000000000000E+000
   0.0000000000000000E+000
   0.0000000000000000E+000
   0.0000000000000000E+000
   0.0000000000000000E+000
   0.0000000000000000E+000
   0.0000000000000000E+000
   0.0000000000000000E+000
   0.0000000000000000E+000
   0.0000000000000000E+000
   0.0000000000000000E+000
   0.0000000000000000E+000
   0.0000000000000000E+000
   0.0000000000000000E+000
   0.0000000000000000E+000
   0.0000000000000000E+000
   0.0000000000000000E+000
   0.0000000000000000E+000
   0.0000000000000000E+000
   0.0000000000000000E+000
   0.0000000000000000E+000
   0.0000000000000000E+000
   0.0000000000000000E+000
   0.0000000000000000E+000
   0.0000000000000000E+000
   0.7916722137239658     
  -6.9590986511237759E-003
  -6.6643596023652218E-012
   2.1039262063431142E-002
   2.8911874315102569E-016
   0.0000000000000000E+000
   0.0000000000000000E+000
   0.0000000000000000E+000
   0.0000000000000000E+000
   0.0000000000000000E+000
   8.7085705103957735E-012
  -3.2431089064255403E-014
  -9.3863093175882949E-003
  -3.9362802839275346E-012
  -4.1287354268906399E-019
  -3.0986773096018543E-002
  -5.9819083226010572E-003
  -1.0328399919178055E-012
  -4.5426845597970503E-004
   5.7079573556915299E-016
   0.0000000000000000E+000
   0.0000000000000000E+000
   0.0000000000000000E+000
   0.0000000000000000E+000
   0.0000000000000000E+000
   1.2985326145787974E-012
  -1.9684661886620880E-012
   3.6357572815775233E-003
   2.4857240831649419E-012
   2.0832144226928096E-019
   0.0000000000000000E+000
   0.0000000000000000E+000
   0.0000000000000000E+000
   0.0000000000000000E+000
   0.0000000000000000E+000
   0.0000000000000000E+000
   0.0000000000000000E+000
   0.0000000000000000E+000
   0.0000000000000000E+000
   0.0000000000000000E+000
  -6.9590986511237759E-003
   0.6080775681725697     
  -3.8841846405901492E-011
   5.9658765514254253E-002
   6.7785186089911153E-016
   0.0000000000000000E+000
   0.0000000000000000E+000
   0.0000000000000000E+000
   0.0000000000000000E+000
   0.0000000000000000E+000
  -3.2431089064255403E-014
   7.7750757221384248E-012
  -0.1006303785686660     
  -2.8098495752360009E-011
  -1.8906175827544592E-017
  -5.9819083226010381E-003
  -0.1008702913112078     
   2.6077348613817719E-011
  -6.2152555352530330E-002
  -4.1063429263314488E-016
   0.0000000000000000E+000
   0.0000000000000000E+000
   0.0000000000000000E+000
   0.0000000000000000E+000
   0.0000000000000000E+000
  -8.8345872501296996E-013
   3.5285858436540085E-012
   3.4905815637713916E-002
   1.6937043781362071E-011
   1.1105758717162601E-017
   0.0000000000000000E+000
   0.0000000000000000E+000
   0.0000000000000000E+000
   0.0000000000000000E+000
   0.0000000000000000E+000
   0.0000000000000000E+000
   0.0000000000000000E+000
   0.0000000000000000E+000
   0.0000000000000000E+000
   0.0000000000000000E+000
  -6.6643596023652218E-012
  -3.8841846405901492E-011
   0.5685036762456362     
  -1.2222362011371501E-011
  -1.6896586701045128E-016
   0.0000000000000000E+000
   0.0000000000000000E+000
   0.0000000000000000E+000
   0.0000000000000000E+000
   0.0000000000000000E+000
  -9.3863093175882949E-003
  -0.1006303785686660     
   1.6410872660799214E-011
  -4.7627934043439055E-002
  -8.9657951266978195E-016
  -1.0328057853392636E-012
   2.6077338205476863E-011
  -7.4377293240839054E-002
   1.2221505057974369E-011
  -6.9099428425328303E-018
   0.0000000000000000E+000
   0.0000000000000000E+000
   0.0000000000000000E+000
   0.0000000000000000E+000
   0.0000000000000000E+000
  -6.8065719304358369E-003
   7.7489310976249823E-002
  -3.4001336468580945E-011
   7.5741642246098570E-002
   6.2738096850056147E-016
   0.0000000000000000E+000
   0.0000000000000000E+000
   0.0000000000000000E+000
   0.0000000000000000E+000
   0.0000000000000000E+000
   0.0000000000000000E+000
   0.0000000000000000E+000
   0.0000000000000000E+000
   0.0000000000000000E+000
   0.0000000000000000E+000
   2.1039262063431142E-002
   5.9658765514254253E-002
  -1.2222362011371501E-011
   0.5456153287432081     
  -1.0250484883142751E-015
   0.0000000000000000E+000
   0.0000000000000000E+000
   0.0000000000000000E+000
   0.0000000000000000E+000
   0.0000000000000000E+000
  -3.9362802839275346E-012
  -2.8098495752360009E-011
  -4.7627934043439055E-002
  -1.5594381688743830E-011
  -1.4289788049034268E-017
  -4.5426845597975251E-004
  -6.2152555352530316E-002
   1.2221477302398753E-011
  -6.5869595398627967E-002
   3.4373337892800360E-016
   0.0000000000000000E+000
   0.0000000000000000E+000
   0.0000000000000000E+000
   0.0000000000000000E+000
   0.0000000000000000E+000
   1.0452158886661844E-012
   2.9481601188097173E-011
   4.5059350658775831E-002
   2.7858423033710888E-011
   1.5777493352251983E-017
   0.0000000000000000E+000
   0.0000000000000000E+000
   0.0000000000000000E+000
   0.0000000000000000E+000
   0.0000000000000000E+000
   0.0000000000000000E+000
   0.0000000000000000E+000
   0.0000000000000000E+000
   0.0000000000000000E+000
   0.0000000000000000E+000
   2.8911874315102569E-016
   6.7785186089911153E-016
  -1.6896586701045128E-016
  -1.0250484883142751E-015
   0.5842247560275136     
   0.0000000000000000E+000
   0.0000000000000000E+000
   0.0000000000000000E+000
   0.0000000000000000E+000
   0.0000000000000000E+000
  -4.1287354268906399E-019
  -1.8906175827544592E-017
  -8.9657951266978195E-016
  -1.4289788049034268E-017
   4.2333636596225688E-012
   5.7797948932519155E-018
  -1.0903797334635530E-015
  -2.0202601967166946E-017
  -1.1749770358664384E-015
  -3.8680587899978150E-002
   0.0000000000000000E+000
   0.0000000000000000E+000
   0.0000000000000000E+000
   0.0000000000000000E+000
   0.0000000000000000E+000
  -8.7278657955407095E-019
   1.1907888589666218E-017
   8.5585547818070274E-016
   1.2948026146117919E-017
   2.1525212168249652E-012
   0.0000000000000000E+000
   0.0000000000000000E+000
   0.0000000000000000E+000
   0.0000000000000000E+000
   0.0000000000000000E+000
   1.0007108586643015E-011
  -9.1590672763111614E-013
  -1.6192881248024159E-002
  -2.8910510053645200E-012
   3.9013521141323767E-018
   0.0000000000000000E+000
   0.0000000000000000E+000
   0.0000000000000000E+000
   0.0000000000000000E+000
   0.0000000000000000E+000
   0.8543772284541800     
  -2.8461993974473142E-002
  -1.1150403517179441E-012
   1.6997414060442681E-002
   1.4818232259119807E-017
   0.0000000000000000E+000
   0.0000000000000000E+000
   0.0000000000000000E+000
   0.0000000000000000E+000
   0.0000000000000000E+000
   0.0000000000000000E+000
   0.0000000000000000E+000
   0.0000000000000000E+000
   0.0000000000000000E+000
   0.0000000000000000E+000
   0.0000000000000000E+000
   0.0000000000000000E+000
   0.0000000000000000E+000
   0.0000000000000000E+000
   0.0000000000000000E+000
   0.0000000000000000E+000
   0.0000000000000000E+000
   0.0000000000000000E+000
   0.0000000000000000E+000
   0.0000000000000000E+000
   0.0000000000000000E+000
   0.0000000000000000E+000
   0.0000000000000000E+000
   0.0000000000000000E+000
   0.0000000000000000E+000
  -2.0009012350642730E-012
   1.1303646820642888E-011
  -2.3141067592416145E-002
   1.3831201808867100E-012
  -2.6480396048060400E-018
   0.0000000000000000E+000
   0.0000000000000000E+000
   0.0000000000000000E+000
   0.0000000000000000E+000
   0.0000000000000000E+000
  -2.8461993974473142E-002
   0.5626985122348240     
   1.9819076935156943E-011
   1.5904164934209576E-003
  -1.0283608709215689E-015
   0.0000000000000000E+000
   0.0000000000000000E+000
   0.0000000000000000E+000
   0.0000000000000000E+000
   0.0000000000000000E+000
   0.0000000000000000E+000
   0.0000000000000000E+000
   0.0000000000000000E+000
   0.0000000000000000E+000
   0.0000000000000000E+000
   0.0000000000000000E+000
   0.0000000000000000E+000
   0.0000000000000000E+000
   0.0000000000000000E+000
   0.0000000000000000E+000
   0.0000000000000000E+000
   0.0000000000000000E+000
   0.0000000000000000E+000
   0.0000000000000000E+000
   0.0000000000000000E+000
   0.0000000000000000E+000
   0.0000000000000000E+000
   0.0000000000000000E+000
   0.0000000000000000E+000
   0.0000000000000000E+000
  -5.7505520360107681E-003
  -6.5724562930952066E-002
  -1.7590477685569539E-011
  -2.5685833846632519E-003
   3.2309303689204554E-016
   0.0000000000000000E+000
   0.0000000000000000E+000
   0.0000000000000000E+000
   0.0000000000000000E+000
   0.0000000000000000E+000
  -1.1150403517179441E-012
   1.9819076935156943E-011
   0.4590125351867301     
  -2.6376317796561466E-011
  -2.1076229452983661E-016
   0.0000000000000000E+000
   0.0000000000000000E+000
   0.0000000000000000E+000
   0.0000000000000000E+000
   0.0000000000000000E+000
   0.0000000000000000E+000
   0.0000000000000000E+000
   0.0000000000000000E+000
   0.0000000000000000E+000
   0.0000000000000000E+000
   0.0000000000000000E+000
   0.0000000000000000E+000
   0.0000000000000000E+000
   0.0000000000000000E+000
   0.0000000000000000E+000
   0.0000000000000000E+000
   0.0000000000000000E+000
   0.0000000000000000E+000
   0.0000000000000000E+000
   0.0000000000000000E+000
   0.0000000000000000E+000
   0.0000000000000000E+000
   0.0000000000000000E+000
   0.0000000000000000E+000
   0.0000000000000000E+000
  -1.4505686690875763E-012
  -1.1161450236274462E-011
   2.8113708202659515E-002
   1.2264063029010508E-011
   1.6043223557423470E-017
   0.0000000000000000E+000
   0.0000000000000000E+000
   0.0000000000000000E+000
   0.0000000000000000E+000
   0.0000000000000000E+000
   1.6997414060442681E-002
   1.5904164934209576E-003
  -2.6376317796561466E-011
   0.5442591134746502     
  -1.0004724482395076E-015
   0.0000000000000000E+000
   0.0000000000000000E+000
   0.0000000000000000E+000
   0.0000000000000000E+000
   0.0000000000000000E+000
   0.0000000000000000E+000
   0.0000000000000000E+000
   0.0000000000000000E+000
   0.0000000000000000E+000
   0.0000000000000000E+000
   0.0000000000000000E+000
   0.0000000000000000E+000
   0.0000000000000000E+000
   0.0000000000000000E+000
   0.0000000000000000E+000
   0.0000000000000000E+000
   0.0000000000000000E+000
   0.0000000000000000E+000
   0.0000000000000000E+000
   0.0000000000000000E+000
   0.0000000000000000E+000
   0.0000000000000000E+000
   0.0000000000000000E+000
   0.0000000000000000E+000
   0.0000000000000000E+000
  -1.0333712919379357E-018
  -1.1810670644211072E-017
   5.2881905052491865E-016
  -4.6157298385039949E-019
   6.3858705649788572E-012
   0.0000000000000000E+000
   0.0000000000000000E+000
   0.0000000000000000E+000
   0.0000000000000000E+000
   0.0000000000000000E+000
   1.4818232259119807E-017
  -1.0283608709215689E-015
  -2.1076229452983661E-016
  -1.0004724482395076E-015
   0.6029689273498293     
   0.0000000000000000E+000
   0.0000000000000000E+000
   0.0000000000000000E+000
   0.0000000000000000E+000
   0.0000000000000000E+000
   0.0000000000000000E+000
   0.0000000000000000E+000
   0.0000000000000000E+000
   0.0000000000000000E+000
   0.0000000000000000E+000
   0.0000000000000000E+000
   0.0000000000000000E+000
   0.0000000000000000E+000
   0.0000000000000000E+000
   0.0000000000000000E+000
   0.0000000000000000E+000
   0.0000000000000000E+000
   0.0000000000000000E+000
   0.0000000000000000E+000
   0.0000000000000000E+000
   0.0000000000000000E+000
   0.0000000000000000E+000
   0.0000000000000000E+000
   0.0000000000000000E+000
   0.0000000000000000E+000
   0.0000000000000000E+000
   0.0000000000000000E+000
   0.0000000000000000E+000
   0.0000000000000000E+000
   0.0000000000000000E+000
   8.7085705103957735E-012
  -3.2431089064255403E-014
  -9.3863093175882949E-003
  -3.9362802839275346E-012
  -4.1287354268906399E-019
   0.0000000000000000E+000
   0.0000000000000000E+000
   0.0000000000000000E+000
   0.0000000000000000E+000
   0.0000000000000000E+000
   0.8762902440296387     
  -9.6755360414481663E-003
   1.1036755277055166E-012
   3.9647381686943534E-003
   1.2922514795484001E-017
   1.2985380762472413E-012
  -8.8347563856686073E-013
  -6.8065719304358637E-003
   1.0452292785630146E-012
   4.3142256568214407E-018
   0.0000000000000000E+000
   0.0000000000000000E+000
   0.0000000000000000E+000
   0.0000000000000000E+000
   0.0000000000000000E+000
  -2.1913015575458796E-002
  -1.8786457933024976E-002
  -2.2187158794234607E-012
   1.3032675891748328E-002
   1.8957174636358062E-018
   0.0000000000000000E+000
   0.0000000000000000E+000
   0.0000000000000000E+000
   0.0000000000000000E+000
   0.0000000000000000E+000
   0.0000000000000000E+000
   0.0000000000000000E+000
   0.0000000000000000E+000
   0.0000000000000000E+000
   0.0000000000000000E+000
  -3.2431089064255403E-014
   7.7750757221384248E-012
  -0.1006303785686660     
  -2.8098495752360009E-011
  -1.8906175827544592E-017
   0.0000000000000000E+000
   0.0000000000000000E+000
   0.0000000000000000E+000
   0.0000000000000000E+000
   0.0000000000000000E+000
  -9.6755360414481663E-003
   0.6250365773570441     
   3.0956688601424531E-011
  -1.5606972870889305E-002
  -5.9216327465428816E-016
  -1.9684701460000176E-012
   3.5285710985044627E-012
   7.7489310976249851E-002
   2.9481615933246719E-011
   1.6258136222738552E-017
   0.0000000000000000E+000
   0.0000000000000000E+000
   0.0000000000000000E+000
   0.0000000000000000E+000
   0.0000000000000000E+000
  -1.8786457933024969E-002
  -6.2338065122220059E-002
  -1.1137611666267588E-011
   1.7197389364310263E-002
  -4.3619759626728070E-016
   0.0000000000000000E+000
   0.0000000000000000E+000
   0.0000000000000000E+000
   0.0000000000000000E+000
   0.0000000000000000E+000
   0.0000000000000000E+000
   0.0000000000000000E+000
   0.0000000000000000E+000
   0.0000000000000000E+000
   0.0000000000000000E+000
  -9.3863093175882949E-003
  -0.1006303785686660     
   1.6410872660799214E-011
  -4.7627934043439055E-002
  -8.9657951266978195E-016
   0.0000000000000000E+000
   0.0000000000000000E+000
   0.0000000000000000E+000
   0.0000000000000000E+000
   0.0000000000000000E+000
   1.1036755277055166E-012
   3.0956688601424531E-011
   0.6101190993427527     
   1.0448752973957198E-011
  -1.8739036568766860E-016
   3.6357572815775264E-003
   3.4905815637713930E-002
  -3.4001350346368753E-011
   4.5059350658775803E-002
   1.2196725495618275E-015
   0.0000000000000000E+000
   0.0000000000000000E+000
   0.0000000000000000E+000
   0.0000000000000000E+000
   0.0000000000000000E+000
  -2.2187119762956398E-012
  -1.1137604727373684E-011
  -0.1511065641560226     
  -3.6825070770518664E-011
  -2.3371928842168014E-017
   0.0000000000000000E+000
   0.0000000000000000E+000
   0.0000000000000000E+000
   0.0000000000000000E+000
   0.0000000000000000E+000
   0.0000000000000000E+000
   0.0000000000000000E+000
   0.0000000000000000E+000
   0.0000000000000000E+000
   0.0000000000000000E+000
  -3.9362802839275346E-012
  -2.8098495752360009E-011
  -4.7627934043439055E-002
  -1.5594381688743830E-011
  -1.4289788049034268E-017
   0.0000000000000000E+000
   0.0000000000000000E+000
   0.0000000000000000E+000
   0.0000000000000000E+000
   0.0000000000000000E+000
   3.9647381686943534E-003
  -1.5606972870889305E-002
   1.0448752973957198E-011
   0.6112199349673578     
  -6.6482527475971786E-016
   2.4857116148399583E-012
   1.6937045516085547E-011
   7.5741642246098570E-002
   2.7858444717754338E-011
   3.0333011606457738E-017
   0.0000000000000000E+000
   0.0000000000000000E+000
   0.0000000000000000E+000
   0.0000000000000000E+000
   0.0000000000000000E+000
   1.3032675891748332E-002
   1.7197389364310214E-002
  -3.6825016994090909E-011
  -6.6960821492707712E-002
  -3.3564717347978966E-016
   0.0000000000000000E+000
   0.0000000000000000E+000
   0.0000000000000000E+000
   0.0000000000000000E+000
   0.0000000000000000E+000
   0.0000000000000000E+000
   0.0000000000000000E+000
   0.0000000000000000E+000
   0.0000000000000000E+000
   0.0000000000000000E+000
  -4.1287354268906399E-019
  -1.8906175827544592E-017
  -8.9657951266978195E-016
  -1.4289788049034268E-017
   4.2333636596225688E-012
   0.0000000000000000E+000
   0.0000000000000000E+000
   0.0000000000000000E+000
   0.0000000000000000E+000
   0.0000000000000000E+000
   1.2922514795484001E-017
  -5.9216327465428816E-016
  -1.8739036568766860E-016
  -6.6482527475971786E-016
   0.6276918419393024     
  -6.2049774924887175E-019
   7.0955051833335204E-018
   1.4253985631947006E-015
   1.3828215065183868E-017
   2.1525069053562884E-012
   0.0000000000000000E+000
   0.0000000000000000E+000
   0.0000000000000000E+000
   0.0000000000000000E+000
   0.0000000000000000E+000
   2.3784424823317636E-016
   2.8469807485242076E-016
  -2.3331792724616605E-017
  -1.2168597733572692E-015
  -2.4722914589473118E-002
   0.0000000000000000E+000
   0.0000000000000000E+000
   0.0000000000000000E+000
   0.0000000000000000E+000
   0.0000000000000000E+000
   0.0000000000000000E+000
   0.0000000000000000E+000
   0.0000000000000000E+000
   0.0000000000000000E+000
   0.0000000000000000E+000
  -3.0986773096018543E-002
  -5.9819083226010381E-003
  -1.0328057853392636E-012
  -4.5426845597975251E-004
   5.7797948932519155E-018
   0.0000000000000000E+000
   0.0000000000000000E+000
   0.0000000000000000E+000
   0.0000000000000000E+000
   0.0000000000000000E+000
   1.2985380762472413E-012
  -1.9684701460000176E-012
   3.6357572815775264E-003
   2.4857116148399583E-012
  -6.2049774924887175E-019
   0.7916722137239661     
  -6.9590986511237881E-003
  -6.6643713117486847E-012
   2.1039262063431149E-002
  -1.6482991588068510E-016
   0.0000000000000000E+000
   0.0000000000000000E+000
   0.0000000000000000E+000
   0.0000000000000000E+000
   0.0000000000000000E+000
   8.7085616495841123E-012
  -3.2436184814466085E-014
  -9.3863093175883122E-003
  -3.9362580035728900E-012
  -5.0025227912255768E-019
   0.0000000000000000E+000
   0.0000000000000000E+000
   0.0000000000000000E+000
   0.0000000000000000E+000
   0.0000000000000000E+000
   0.0000000000000000E+000
   0.0000000000000000E+000
   0.0000000000000000E+000
   0.0000000000000000E+000
   0.0000000000000000E+000
  -5.9819083226010572E-003
  -0.1008702913112078     
   2.6077338205476863E-011
  -6.2152555352530316E-002
  -1.0903797334635530E-015
   0.0000000000000000E+000
   0.0000000000000000E+000
   0.0000000000000000E+000
   0.0000000000000000E+000
   0.0000000000000000E+000
  -8.8347563856686073E-013
   3.5285710985044627E-012
   3.4905815637713930E-002
   1.6937045516085547E-011
   7.0955051833335204E-018
  -6.9590986511237881E-003
   0.6080775681725700     
  -3.8841770078068549E-011
   5.9658765514254225E-002
  -1.4680589904760582E-016
   0.0000000000000000E+000
   0.0000000000000000E+000
   0.0000000000000000E+000
   0.0000000000000000E+000
   0.0000000000000000E+000
  -3.2436184814466085E-014
   7.7753220528720135E-012
  -0.1006303785686659     
  -2.8098547794064288E-011
  -1.8748575458773714E-018
   0.0000000000000000E+000
   0.0000000000000000E+000
   0.0000000000000000E+000
   0.0000000000000000E+000
   0.0000000000000000E+000
   0.0000000000000000E+000
   0.0000000000000000E+000
   0.0000000000000000E+000
   0.0000000000000000E+000
   0.0000000000000000E+000
  -1.0328399919178055E-012
   2.6077348613817719E-011
  -7.4377293240839054E-002
   1.2221477302398753E-011
  -2.0202601967166946E-017
   0.0000000000000000E+000
   0.0000000000000000E+000
   0.0000000000000000E+000
   0.0000000000000000E+000
   0.0000000000000000E+000
  -6.8065719304358637E-003
   7.7489310976249851E-002
  -3.4001350346368753E-011
   7.5741642246098570E-002
   1.4253985631947006E-015
  -6.6643713117486847E-012
  -3.8841770078068549E-011
   0.5685036762456361     
  -1.2222535483719099E-011
  -3.7899654571977599E-016
   0.0000000000000000E+000
   0.0000000000000000E+000
   0.0000000000000000E+000
   0.0000000000000000E+000
   0.0000000000000000E+000
  -9.3863093175883122E-003
  -0.1006303785686659     
   1.6410997560889484E-011
  -4.7627934043439082E-002
  -2.3141498561047457E-017
   0.0000000000000000E+000
   0.0000000000000000E+000
   0.0000000000000000E+000
   0.0000000000000000E+000
   0.0000000000000000E+000
   0.0000000000000000E+000
   0.0000000000000000E+000
   0.0000000000000000E+000
   0.0000000000000000E+000
   0.0000000000000000E+000
  -4.5426845597970503E-004
  -6.2152555352530330E-002
   1.2221505057974369E-011
  -6.5869595398627967E-002
  -1.1749770358664384E-015
   0.0000000000000000E+000
   0.0000000000000000E+000
   0.0000000000000000E+000
   0.0000000000000000E+000
   0.0000000000000000E+000
   1.0452292785630146E-012
   2.9481615933246719E-011
   4.5059350658775803E-002
   2.7858444717754338E-011
   1.3828215065183868E-017
   2.1039262063431149E-002
   5.9658765514254225E-002
  -1.2222535483719099E-011
   0.5456153287432081     
  -1.4581352781666199E-014
   0.0000000000000000E+000
   0.0000000000000000E+000
   0.0000000000000000E+000
   0.0000000000000000E+000
   0.0000000000000000E+000
  -3.9362580035728900E-012
  -2.8098547794064288E-011
  -4.7627934043439082E-002
  -1.5594414648489874E-011
   5.5892916868610004E-020
   0.0000000000000000E+000
   0.0000000000000000E+000
   0.0000000000000000E+000
   0.0000000000000000E+000
   0.0000000000000000E+000
   0.0000000000000000E+000
   0.0000000000000000E+000
   0.0000000000000000E+000
   0.0000000000000000E+000
   0.0000000000000000E+000
   5.7079573556915299E-016
  -4.1063429263314488E-016
  -6.9099428425328303E-018
   3.4373337892800360E-016
  -3.8680587899978150E-002
   0.0000000000000000E+000
   0.0000000000000000E+000
   0.0000000000000000E+000
   0.0000000000000000E+000
   0.0000000000000000E+000
   4.3142256568214407E-018
   1.6258136222738552E-017
   1.2196725495618275E-015
   3.0333011606457738E-017
   2.1525069053562884E-012
  -1.6482991588068510E-016
  -1.4680589904760582E-016
  -3.7899654571977599E-016
  -1.4581352781666199E-014
   0.5842247560275136     
   0.0000000000000000E+000
   0.0000000000000000E+000
   0.0000000000000000E+000
   0.0000000000000000E+000
   0.0000000000000000E+000
  -5.0025227912255768E-019
  -1.8748575458773714E-018
  -2.3141498561047457E-017
   5.5892916868610004E-020
   4.2332387595322984E-012
   0.0000000000000000E+000
   0.0000000000000000E+000
   0.0000000000000000E+000
   0.0000000000000000E+000
   0.0000000000000000E+000
   0.0000000000000000E+000
   0.0000000000000000E+000
   0.0000000000000000E+000
   0.0000000000000000E+000
   0.0000000000000000E+000
   0.0000000000000000E+000
   0.0000000000000000E+000
   0.0000000000000000E+000
   0.0000000000000000E+000
   0.0000000000000000E+000
   0.0000000000000000E+000
   0.0000000000000000E+000
   0.0000000000000000E+000
   0.0000000000000000E+000
   0.0000000000000000E+000
   0.0000000000000000E+000
   0.0000000000000000E+000
   0.0000000000000000E+000
   0.0000000000000000E+000
   0.0000000000000000E+000
   0.0000000000000000E+000
   0.0000000000000000E+000
   0.0000000000000000E+000
   0.0000000000000000E+000
   0.0000000000000000E+000
   0.7606854406279473     
  -1.2941006973724833E-002
  -7.6971995942830274E-012
   2.0584993607451436E-002
   8.5991447872017868E-016
   0.0000000000000000E+000
   0.0000000000000000E+000
   0.0000000000000000E+000
   0.0000000000000000E+000
   0.0000000000000000E+000
   1.0007108586643015E-011
  -2.0009012350642730E-012
  -5.7505520360107681E-003
  -1.4505686690875763E-012
  -1.0333712919379357E-018
   0.0000000000000000E+000
   0.0000000000000000E+000
   0.0000000000000000E+000
   0.0000000000000000E+000
   0.0000000000000000E+000
   0.0000000000000000E+000
   0.0000000000000000E+000
   0.0000000000000000E+000
   0.0000000000000000E+000
   0.0000000000000000E+000
   0.0000000000000000E+000
   0.0000000000000000E+000
   0.0000000000000000E+000
   0.0000000000000000E+000
   0.0000000000000000E+000
   0.0000000000000000E+000
   0.0000000000000000E+000
   0.0000000000000000E+000
   0.0000000000000000E+000
   0.0000000000000000E+000
   0.0000000000000000E+000
   0.0000000000000000E+000
   0.0000000000000000E+000
   0.0000000000000000E+000
   0.0000000000000000E+000
  -1.2941006973724833E-002
   0.5072072768613620     
  -1.2764497792083773E-011
  -2.4937898382760768E-003
   2.6721756826596666E-016
   0.0000000000000000E+000
   0.0000000000000000E+000
   0.0000000000000000E+000
   0.0000000000000000E+000
   0.0000000000000000E+000
  -9.1590672763111614E-013
   1.1303646820642888E-011
  -6.5724562930952066E-002
  -1.1161450236274462E-011
  -1.1810670644211072E-017
   0.0000000000000000E+000
   0.0000000000000000E+000
   0.0000000000000000E+000
   0.0000000000000000E+000
   0.0000000000000000E+000
   0.0000000000000000E+000
   0.0000000000000000E+000
   0.0000000000000000E+000
   0.0000000000000000E+000
   0.0000000000000000E+000
   0.0000000000000000E+000
   0.0000000000000000E+000
   0.0000000000000000E+000
   0.0000000000000000E+000
   0.0000000000000000E+000
   0.0000000000000000E+000
   0.0000000000000000E+000
   0.0000000000000000E+000
   0.0000000000000000E+000
   0.0000000000000000E+000
   0.0000000000000000E+000
   0.0000000000000000E+000
   0.0000000000000000E+000
   0.0000000000000000E+000
   0.0000000000000000E+000
  -7.6971995942830274E-012
  -1.2764497792083773E-011
   0.4941263830047972     
  -8.5695339713254270E-016
  -1.7587580985298411E-016
   0.0000000000000000E+000
   0.0000000000000000E+000
   0.0000000000000000E+000
   0.0000000000000000E+000
   0.0000000000000000E+000
  -1.6192881248024159E-002
  -2.3141067592416145E-002
  -1.7590477685569539E-011
   2.8113708202659515E-002
   5.2881905052491865E-016
   0.0000000000000000E+000
   0.0000000000000000E+000
   0.0000000000000000E+000
   0.0000000000000000E+000
   0.0000000000000000E+000
   0.0000000000000000E+000
   0.0000000000000000E+000
   0.0000000000000000E+000
   0.0000000000000000E+000
   0.0000000000000000E+000
   0.0000000000000000E+000
   0.0000000000000000E+000
   0.0000000000000000E+000
   0.0000000000000000E+000
   0.0000000000000000E+000
   0.0000000000000000E+000
   0.0000000000000000E+000
   0.0000000000000000E+000
   0.0000000000000000E+000
   0.0000000000000000E+000
   0.0000000000000000E+000
   0.0000000000000000E+000
   0.0000000000000000E+000
   0.0000000000000000E+000
   0.0000000000000000E+000
   2.0584993607451436E-002
  -2.4937898382760768E-003
  -8.5695339713254270E-016
   0.4797457333445801     
  -6.8131510938627143E-016
   0.0000000000000000E+000
   0.0000000000000000E+000
   0.0000000000000000E+000
   0.0000000000000000E+000
   0.0000000000000000E+000
  -2.8910510053645200E-012
   1.3831201808867100E-012
  -2.5685833846632519E-003
   1.2264063029010508E-011
  -4.6157298385039949E-019
   0.0000000000000000E+000
   0.0000000000000000E+000
   0.0000000000000000E+000
   0.0000000000000000E+000
   0.0000000000000000E+000
   0.0000000000000000E+000
   0.0000000000000000E+000
   0.0000000000000000E+000
   0.0000000000000000E+000
   0.0000000000000000E+000
   0.0000000000000000E+000
   0.0000000000000000E+000
   0.0000000000000000E+000
   0.0000000000000000E+000
   0.0000000000000000E+000
   0.0000000000000000E+000
   0.0000000000000000E+000
   0.0000000000000000E+000
   0.0000000000000000E+000
   0.0000000000000000E+000
   0.0000000000000000E+000
   0.0000000000000000E+000
   0.0000000000000000E+000
   0.0000000000000000E+000
   0.0000000000000000E+000
   8.5991447872017868E-016
   2.6721756826596666E-016
  -1.7587580985298411E-016
  -6.8131510938627143E-016
   0.5455441681275354     
   0.0000000000000000E+000
   0.0000000000000000E+000
   0.0000000000000000E+000
   0.0000000000000000E+000
   0.0000000000000000E+000
   3.9013521141323767E-018
  -2.6480396048060400E-018
   3.2309303689204554E-016
   1.6043223557423470E-017
   6.3858705649788572E-012
   0.0000000000000000E+000
   0.0000000000000000E+000
   0.0000000000000000E+000
   0.0000000000000000E+000
   0.0000000000000000E+000
   1.2985326145787974E-012
  -8.8345872501296996E-013
  -6.8065719304358369E-003
   1.0452158886661844E-012
  -8.7278657955407095E-019
   0.0000000000000000E+000
   0.0000000000000000E+000
   0.0000000000000000E+000
   0.0000000000000000E+000
   0.0000000000000000E+000
  -2.1913015575458796E-002
  -1.8786457933024969E-002
  -2.2187119762956398E-012
   1.3032675891748332E-002
   2.3784424823317636E-016
   8.7085616495841123E-012
  -3.2436184814466085E-014
  -9.3863093175883122E-003
  -3.9362580035728900E-012
  -5.0025227912255768E-019
   0.0000000000000000E+000
   0.0000000000000000E+000
   0.0000000000000000E+000
   0.0000000000000000E+000
   0.0000000000000000E+000
   0.8762902440296390     
  -9.6755360414481507E-003
   1.1036423511190385E-012
   3.9647381686943360E-003
  -1.1557324212986561E-016
   0.0000000000000000E+000
   0.0000000000000000E+000
   0.0000000000000000E+000
   0.0000000000000000E+000
   0.0000000000000000E+000
   0.0000000000000000E+000
   0.0000000000000000E+000
   0.0000000000000000E+000
   0.0000000000000000E+000
   0.0000000000000000E+000
  -1.9684661886620880E-012
   3.5285858436540085E-012
   7.7489310976249823E-002
   2.9481601188097173E-011
   1.1907888589666218E-017
   0.0000000000000000E+000
   0.0000000000000000E+000
   0.0000000000000000E+000
   0.0000000000000000E+000
   0.0000000000000000E+000
  -1.8786457933024976E-002
  -6.2338065122220059E-002
  -1.1137604727373684E-011
   1.7197389364310214E-002
   2.8469807485242076E-016
  -3.2436184814466085E-014
   7.7753220528720135E-012
  -0.1006303785686659     
  -2.8098547794064288E-011
  -1.8748575458773714E-018
   0.0000000000000000E+000
   0.0000000000000000E+000
   0.0000000000000000E+000
   0.0000000000000000E+000
   0.0000000000000000E+000
  -9.6755360414481507E-003
   0.6250365773570441     
   3.0956771868151378E-011
  -1.5606972870889333E-002
  -1.5538666930962229E-016
   0.0000000000000000E+000
   0.0000000000000000E+000
   0.0000000000000000E+000
   0.0000000000000000E+000
   0.0000000000000000E+000
   0.0000000000000000E+000
   0.0000000000000000E+000
   0.0000000000000000E+000
   0.0000000000000000E+000
   0.0000000000000000E+000
   3.6357572815775233E-003
   3.4905815637713916E-002
  -3.4001336468580945E-011
   4.5059350658775831E-002
   8.5585547818070274E-016
   0.0000000000000000E+000
   0.0000000000000000E+000
   0.0000000000000000E+000
   0.0000000000000000E+000
   0.0000000000000000E+000
  -2.2187158794234607E-012
  -1.1137611666267588E-011
  -0.1511065641560226     
  -3.6825016994090909E-011
  -2.3331792724616605E-017
  -9.3863093175883122E-003
  -0.1006303785686659     
   1.6410997560889484E-011
  -4.7627934043439082E-002
  -2.3141498561047457E-017
   0.0000000000000000E+000
   0.0000000000000000E+000
   0.0000000000000000E+000
   0.0000000000000000E+000
   0.0000000000000000E+000
   1.1036423511190385E-012
   3.0956771868151378E-011
   0.6101190993427528     
   1.0448766851745006E-011
  -2.2204170729711823E-016
   0.0000000000000000E+000
   0.0000000000000000E+000
   0.0000000000000000E+000
   0.0000000000000000E+000
   0.0000000000000000E+000
   0.0000000000000000E+000
   0.0000000000000000E+000
   0.0000000000000000E+000
   0.0000000000000000E+000
   0.0000000000000000E+000
   2.4857240831649419E-012
   1.6937043781362071E-011
   7.5741642246098570E-002
   2.7858423033710888E-011
   1.2948026146117919E-017
   0.0000000000000000E+000
   0.0000000000000000E+000
   0.0000000000000000E+000
   0.0000000000000000E+000
   0.0000000000000000E+000
   1.3032675891748328E-002
   1.7197389364310263E-002
  -3.6825070770518664E-011
  -6.6960821492707712E-002
  -1.2168597733572692E-015
  -3.9362580035728900E-012
  -2.8098547794064288E-011
  -4.7627934043439082E-002
  -1.5594414648489874E-011
   5.5892916868610004E-020
   0.0000000000000000E+000
   0.0000000000000000E+000
   0.0000000000000000E+000
   0.0000000000000000E+000
   0.0000000000000000E+000
   3.9647381686943360E-003
  -1.5606972870889333E-002
   1.0448766851745006E-011
   0.6112199349673577     
  -8.5979254809902450E-015
   0.0000000000000000E+000
   0.0000000000000000E+000
   0.0000000000000000E+000
   0.0000000000000000E+000
   0.0000000000000000E+000
   0.0000000000000000E+000
   0.0000000000000000E+000
   0.0000000000000000E+000
   0.0000000000000000E+000
   0.0000000000000000E+000
   2.0832144226928096E-019
   1.1105758717162601E-017
   6.2738096850056147E-016
   1.5777493352251983E-017
   2.1525212168249652E-012
   0.0000000000000000E+000
   0.0000000000000000E+000
   0.0000000000000000E+000
   0.0000000000000000E+000
   0.0000000000000000E+000
   1.8957174636358062E-018
  -4.3619759626728070E-016
  -2.3371928842168014E-017
  -3.3564717347978966E-016
  -2.4722914589473118E-002
  -5.0025227912255768E-019
  -1.8748575458773714E-018
  -2.3141498561047457E-017
   5.5892916868610004E-020
   4.2332387595322984E-012
   0.0000000000000000E+000
   0.0000000000000000E+000
   0.0000000000000000E+000
   0.0000000000000000E+000
   0.0000000000000000E+000
  -1.1557324212986561E-016
  -1.5538666930962229E-016
  -2.2204170729711823E-016
  -8.5979254809902450E-015
   0.6276918419393023     
   0.0000000000000000E+000
   0.0000000000000000E+000
   0.0000000000000000E+000
   0.0000000000000000E+000
   0.0000000000000000E+000
   0.0000000000000000E+000
   0.0000000000000000E+000
   0.0000000000000000E+000
   0.0000000000000000E+000
   0.0000000000000000E+000
   0.0000000000000000E+000
   0.0000000000000000E+000
   0.0000000000000000E+000
   0.0000000000000000E+000
   0.0000000000000000E+000
   0.0000000000000000E+000
   0.0000000000000000E+000
   0.0000000000000000E+000
   0.0000000000000000E+000
   0.0000000000000000E+000
   0.0000000000000000E+000
   0.0000000000000000E+000
   0.0000000000000000E+000
   0.0000000000000000E+000
   0.0000000000000000E+000
   0.0000000000000000E+000
   0.0000000000000000E+000
   0.0000000000000000E+000
   0.0000000000000000E+000
   0.0000000000000000E+000
   1.0007108586643015E-011
  -9.1590672763111614E-013
  -1.6192881248024159E-002
  -2.8910510053645200E-012
   3.9013521141323767E-018
   0.0000000000000000E+000
   0.0000000000000000E+000
   0.0000000000000000E+000
   0.0000000000000000E+000
   0.0000000000000000E+000
   0.8543772284541800     
  -2.8461993974473142E-002
  -1.1150403517179441E-012
   1.6997414060442681E-002
   1.4818232259119807E-017
   0.0000000000000000E+000
   0.0000000000000000E+000
   0.0000000000000000E+000
   0.0000000000000000E+000
   0.0000000000000000E+000
   0.0000000000000000E+000
   0.0000000000000000E+000
   0.0000000000000000E+000
   0.0000000000000000E+000
   0.0000000000000000E+000
   0.0000000000000000E+000
   0.0000000000000000E+000
   0.0000000000000000E+000
   0.0000000000000000E+000
   0.0000000000000000E+000
   0.0000000000000000E+000
   0.0000000000000000E+000
   0.0000000000000000E+000
   0.0000000000000000E+000
   0.0000000000000000E+000
   0.0000000000000000E+000
   0.0000000000000000E+000
   0.0000000000000000E+000
   0.0000000000000000E+000
   0.0000000000000000E+000
  -2.0009012350642730E-012
   1.1303646820642888E-011
  -2.3141067592416145E-002
   1.3831201808867100E-012
  -2.6480396048060400E-018
   0.0000000000000000E+000
   0.0000000000000000E+000
   0.0000000000000000E+000
   0.0000000000000000E+000
   0.0000000000000000E+000
  -2.8461993974473142E-002
   0.5626985122348240     
   1.9819076935156943E-011
   1.5904164934209576E-003
  -1.0283608709215689E-015
   0.0000000000000000E+000
   0.0000000000000000E+000
   0.0000000000000000E+000
   0.0000000000000000E+000
   0.0000000000000000E+000
   0.0000000000000000E+000
   0.0000000000000000E+000
   0.0000000000000000E+000
   0.0000000000000000E+000
   0.0000000000000000E+000
   0.0000000000000000E+000
   0.0000000000000000E+000
   0.0000000000000000E+000
   0.0000000000000000E+000
   0.0000000000000000E+000
   0.0000000000000000E+000
   0.0000000000000000E+000
   0.0000000000000000E+000
   0.0000000000000000E+000
   0.0000000000000000E+000
   0.0000000000000000E+000
   0.0000000000000000E+000
   0.0000000000000000E+000
   0.0000000000000000E+000
   0.0000000000000000E+000
  -5.7505520360107681E-003
  -6.5724562930952066E-002
  -1.7590477685569539E-011
  -2.5685833846632519E-003
   3.2309303689204554E-016
   0.0000000000000000E+000
   0.0000000000000000E+000
   0.0000000000000000E+000
   0.0000000000000000E+000
   0.0000000000000000E+000
  -1.1150403517179441E-012
   1.9819076935156943E-011
   0.4590125351867301     
  -2.6376317796561466E-011
  -2.1076229452983661E-016
   0.0000000000000000E+000
   0.0000000000000000E+000
   0.0000000000000000E+000
   0.0000000000000000E+000
   0.0000000000000000E+000
   0.0000000000000000E+000
   0.0000000000000000E+000
   0.0000000000000000E+000
   0.0000000000000000E+000
   0.0000000000000000E+000
   0.0000000000000000E+000
   0.0000000000000000E+000
   0.0000000000000000E+000
   0.0000000000000000E+000
   0.0000000000000000E+000
   0.0000000000000000E+000
   0.0000000000000000E+000
   0.0000000000000000E+000
   0.0000000000000000E+000
   0.0000000000000000E+000
   0.0000000000000000E+000
   0.0000000000000000E+000
   0.0000000000000000E+000
   0.0000000000000000E+000
   0.0000000000000000E+000
  -1.4505686690875763E-012
  -1.1161450236274462E-011
   2.8113708202659515E-002
   1.2264063029010508E-011
   1.6043223557423470E-017
   0.0000000000000000E+000
   0.0000000000000000E+000
   0.0000000000000000E+000
   0.0000000000000000E+000
   0.0000000000000000E+000
   1.6997414060442681E-002
   1.5904164934209576E-003
  -2.6376317796561466E-011
   0.5442591134746502     
  -1.0004724482395076E-015
   0.0000000000000000E+000
   0.0000000000000000E+000
   0.0000000000000000E+000
   0.0000000000000000E+000
   0.0000000000000000E+000
   0.0000000000000000E+000
   0.0000000000000000E+000
   0.0000000000000000E+000
   0.0000000000000000E+000
   0.0000000000000000E+000
   0.0000000000000000E+000
   0.0000000000000000E+000
   0.0000000000000000E+000
   0.0000000000000000E+000
   0.0000000000000000E+000
   0.0000000000000000E+000
   0.0000000000000000E+000
   0.0000000000000000E+000
   0.0000000000000000E+000
   0.0000000000000000E+000
   0.0000000000000000E+000
   0.0000000000000000E+000
   0.0000000000000000E+000
   0.0000000000000000E+000
   0.0000000000000000E+000
  -1.0333712919379357E-018
  -1.1810670644211072E-017
   5.2881905052491865E-016
  -4.6157298385039949E-019
   6.3858705649788572E-012
   0.0000000000000000E+000
   0.0000000000000000E+000
   0.0000000000000000E+000
   0.0000000000000000E+000
   0.0000000000000000E+000
   1.4818232259119807E-017
  -1.0283608709215689E-015
  -2.1076229452983661E-016
  -1.0004724482395076E-015
   0.6029689273498293     
