                       10                       4
   0.0000000000000000E+000
   0.0000000000000000E+000
   0.0000000000000000E+000
   0.0000000000000000E+000
   0.0000000000000000E+000
   0.0000000000000000E+000
   0.0000000000000000E+000
   0.0000000000000000E+000
   0.0000000000000000E+000
   0.0000000000000000E+000
   0.0000000000000000E+000
   0.0000000000000000E+000
   0.0000000000000000E+000
   0.0000000000000000E+000
   0.0000000000000000E+000
   0.0000000000000000E+000
   0.0000000000000000E+000
   0.0000000000000000E+000
   0.0000000000000000E+000
   0.0000000000000000E+000
   0.0000000000000000E+000
   0.0000000000000000E+000
   0.0000000000000000E+000
   0.0000000000000000E+000
   0.0000000000000000E+000
   0.0000000000000000E+000
   0.0000000000000000E+000
   0.0000000000000000E+000
   0.0000000000000000E+000
   0.0000000000000000E+000
   0.0000000000000000E+000
   0.0000000000000000E+000
   0.0000000000000000E+000
   0.0000000000000000E+000
   0.0000000000000000E+000
   0.0000000000000000E+000
   0.0000000000000000E+000
   0.0000000000000000E+000
   0.0000000000000000E+000
   0.0000000000000000E+000
   0.0000000000000000E+000
   0.0000000000000000E+000
   0.0000000000000000E+000
   0.0000000000000000E+000
   0.0000000000000000E+000
   0.0000000000000000E+000
   0.0000000000000000E+000
   0.0000000000000000E+000
   0.0000000000000000E+000
   0.0000000000000000E+000
   0.0000000000000000E+000
   0.0000000000000000E+000
   0.0000000000000000E+000
   0.0000000000000000E+000
   0.0000000000000000E+000
   0.0000000000000000E+000
   0.0000000000000000E+000
   0.0000000000000000E+000
   0.0000000000000000E+000
   0.0000000000000000E+000
   0.0000000000000000E+000
   0.0000000000000000E+000
   0.0000000000000000E+000
   0.0000000000000000E+000
   0.0000000000000000E+000
   0.0000000000000000E+000
   0.0000000000000000E+000
   0.0000000000000000E+000
   0.0000000000000000E+000
   0.0000000000000000E+000
   0.0000000000000000E+000
   0.0000000000000000E+000
   0.0000000000000000E+000
   0.0000000000000000E+000
   0.0000000000000000E+000
   0.0000000000000000E+000
   0.0000000000000000E+000
   0.0000000000000000E+000
   0.0000000000000000E+000
   0.0000000000000000E+000
   0.0000000000000000E+000
   0.0000000000000000E+000
   0.0000000000000000E+000
   0.0000000000000000E+000
   0.0000000000000000E+000
   0.0000000000000000E+000
   0.0000000000000000E+000
   0.0000000000000000E+000
   0.0000000000000000E+000
   0.0000000000000000E+000
   0.0000000000000000E+000
   0.0000000000000000E+000
   0.0000000000000000E+000
   0.0000000000000000E+000
   0.0000000000000000E+000
   0.0000000000000000E+000
   0.0000000000000000E+000
   0.0000000000000000E+000
   0.0000000000000000E+000
   0.0000000000000000E+000
   0.0000000000000000E+000
  -1.0849945074331568E-012
   1.0442329212013390E-002
   1.4404823362769437E-012
  -4.9347234060703125E-018
   0.0000000000000000E+000
   0.0000000000000000E+000
   0.0000000000000000E+000
   0.0000000000000000E+000
   0.0000000000000000E+000
   1.0849945074331568E-012
   0.0000000000000000E+000
  -4.2583495338535921E-002
  -1.2544570417161172E-011
  -9.1626310394050316E-018
   0.0000000000000000E+000
   0.0000000000000000E+000
   0.0000000000000000E+000
   0.0000000000000000E+000
   0.0000000000000000E+000
  -1.0442329212013390E-002
   4.2583495338535921E-002
   0.0000000000000000E+000
   3.0682291587322767E-002
   2.0572601363287311E-016
   0.0000000000000000E+000
   0.0000000000000000E+000
   0.0000000000000000E+000
   0.0000000000000000E+000
   0.0000000000000000E+000
  -1.4404823362769437E-012
   1.2544570417161172E-011
  -3.0682291587322767E-002
   0.0000000000000000E+000
  -1.6504796541273869E-017
   0.0000000000000000E+000
   0.0000000000000000E+000
   0.0000000000000000E+000
   0.0000000000000000E+000
   0.0000000000000000E+000
   4.9347234060703125E-018
   9.1626310394050316E-018
  -2.0572601363287311E-016
   1.6504796541273869E-017
   0.0000000000000000E+000
   0.0000000000000000E+000
   0.0000000000000000E+000
   0.0000000000000000E+000
   0.0000000000000000E+000
   0.0000000000000000E+000
   0.0000000000000000E+000
   0.0000000000000000E+000
   0.0000000000000000E+000
   0.0000000000000000E+000
   0.0000000000000000E+000
   0.0000000000000000E+000
   0.0000000000000000E+000
   0.0000000000000000E+000
   0.0000000000000000E+000
   0.0000000000000000E+000
   0.0000000000000000E+000
   0.0000000000000000E+000
   0.0000000000000000E+000
   0.0000000000000000E+000
   0.0000000000000000E+000
   0.0000000000000000E+000
   0.0000000000000000E+000
   0.0000000000000000E+000
   0.0000000000000000E+000
   0.0000000000000000E+000
   0.0000000000000000E+000
   0.0000000000000000E+000
   0.0000000000000000E+000
   0.0000000000000000E+000
   0.0000000000000000E+000
   0.0000000000000000E+000
   0.0000000000000000E+000
   0.0000000000000000E+000
   0.0000000000000000E+000
   0.0000000000000000E+000
   0.0000000000000000E+000
   0.0000000000000000E+000
   0.0000000000000000E+000
   0.0000000000000000E+000
   0.0000000000000000E+000
   0.0000000000000000E+000
   0.0000000000000000E+000
   0.0000000000000000E+000
   0.0000000000000000E+000
   0.0000000000000000E+000
   0.0000000000000000E+000
   0.0000000000000000E+000
   0.0000000000000000E+000
   0.0000000000000000E+000
   0.0000000000000000E+000
   0.0000000000000000E+000
   0.0000000000000000E+000
   0.0000000000000000E+000
   0.0000000000000000E+000
   0.0000000000000000E+000
   0.0000000000000000E+000
   0.0000000000000000E+000
   0.0000000000000000E+000
   0.0000000000000000E+000
   0.0000000000000000E+000
   3.0986773096018543E-002
   5.9819083226010381E-003
   1.0328057853392636E-012
   4.5426845597975251E-004
  -5.7797948932519155E-018
   0.0000000000000000E+000
   0.0000000000000000E+000
   0.0000000000000000E+000
   0.0000000000000000E+000
   0.0000000000000000E+000
   5.9819083226010572E-003
   0.1008702913112078     
  -2.6077338205476863E-011
   6.2152555352530316E-002
   1.0903797334635530E-015
   0.0000000000000000E+000
   0.0000000000000000E+000
   0.0000000000000000E+000
   0.0000000000000000E+000
   0.0000000000000000E+000
   1.0328399919178055E-012
  -2.6077348613817719E-011
   7.4377293240839054E-002
  -1.2221477302398753E-011
   2.0202601967166946E-017
   0.0000000000000000E+000
   0.0000000000000000E+000
   0.0000000000000000E+000
   0.0000000000000000E+000
   0.0000000000000000E+000
   4.5426845597970503E-004
   6.2152555352530330E-002
  -1.2221505057974369E-011
   6.5869595398627967E-002
   1.1749770358664384E-015
   0.0000000000000000E+000
   0.0000000000000000E+000
   0.0000000000000000E+000
   0.0000000000000000E+000
   0.0000000000000000E+000
  -5.7079573556915299E-016
   4.1063429263314488E-016
   6.9099428425328303E-018
  -3.4373337892800360E-016
   3.8680587899978150E-002
  -3.0986773096018543E-002
  -5.9819083226010572E-003
  -1.0328399919178055E-012
  -4.5426845597970503E-004
   5.7079573556915299E-016
   0.0000000000000000E+000
   0.0000000000000000E+000
   0.0000000000000000E+000
   0.0000000000000000E+000
   0.0000000000000000E+000
  -5.9819083226010381E-003
  -0.1008702913112078     
   2.6077348613817719E-011
  -6.2152555352530330E-002
  -4.1063429263314488E-016
   0.0000000000000000E+000
   0.0000000000000000E+000
   0.0000000000000000E+000
   0.0000000000000000E+000
   0.0000000000000000E+000
  -1.0328057853392636E-012
   2.6077338205476863E-011
  -7.4377293240839054E-002
   1.2221505057974369E-011
  -6.9099428425328303E-018
   0.0000000000000000E+000
   0.0000000000000000E+000
   0.0000000000000000E+000
   0.0000000000000000E+000
   0.0000000000000000E+000
  -4.5426845597975251E-004
  -6.2152555352530316E-002
   1.2221477302398753E-011
  -6.5869595398627967E-002
   3.4373337892800360E-016
   0.0000000000000000E+000
   0.0000000000000000E+000
   0.0000000000000000E+000
   0.0000000000000000E+000
   0.0000000000000000E+000
   5.7797948932519155E-018
  -1.0903797334635530E-015
  -2.0202601967166946E-017
  -1.1749770358664384E-015
  -3.8680587899978150E-002
   0.0000000000000000E+000
   0.0000000000000000E+000
   0.0000000000000000E+000
   0.0000000000000000E+000
   0.0000000000000000E+000
   0.0000000000000000E+000
   0.0000000000000000E+000
   0.0000000000000000E+000
   0.0000000000000000E+000
   0.0000000000000000E+000
  -1.2985326145787974E-012
   8.8345872501296996E-013
   6.8065719304358369E-003
  -1.0452158886661844E-012
   8.7278657955407095E-019
   0.0000000000000000E+000
   0.0000000000000000E+000
   0.0000000000000000E+000
   0.0000000000000000E+000
   0.0000000000000000E+000
   1.9684661886620880E-012
  -3.5285858436540085E-012
  -7.7489310976249823E-002
  -2.9481601188097173E-011
  -1.1907888589666218E-017
   0.0000000000000000E+000
   0.0000000000000000E+000
   0.0000000000000000E+000
   0.0000000000000000E+000
   0.0000000000000000E+000
  -3.6357572815775233E-003
  -3.4905815637713916E-002
   3.4001336468580945E-011
  -4.5059350658775831E-002
  -8.5585547818070274E-016
   0.0000000000000000E+000
   0.0000000000000000E+000
   0.0000000000000000E+000
   0.0000000000000000E+000
   0.0000000000000000E+000
  -2.4857240831649419E-012
  -1.6937043781362071E-011
  -7.5741642246098570E-002
  -2.7858423033710888E-011
  -1.2948026146117919E-017
   0.0000000000000000E+000
   0.0000000000000000E+000
   0.0000000000000000E+000
   0.0000000000000000E+000
   0.0000000000000000E+000
  -2.0832144226928096E-019
  -1.1105758717162601E-017
  -6.2738096850056147E-016
  -1.5777493352251983E-017
  -2.1525212168249652E-012
   1.2985326145787974E-012
  -1.9684661886620880E-012
   3.6357572815775233E-003
   2.4857240831649419E-012
   2.0832144226928096E-019
   0.0000000000000000E+000
   0.0000000000000000E+000
   0.0000000000000000E+000
   0.0000000000000000E+000
   0.0000000000000000E+000
  -8.8345872501296996E-013
   3.5285858436540085E-012
   3.4905815637713916E-002
   1.6937043781362071E-011
   1.1105758717162601E-017
   0.0000000000000000E+000
   0.0000000000000000E+000
   0.0000000000000000E+000
   0.0000000000000000E+000
   0.0000000000000000E+000
  -6.8065719304358369E-003
   7.7489310976249823E-002
  -3.4001336468580945E-011
   7.5741642246098570E-002
   6.2738096850056147E-016
   0.0000000000000000E+000
   0.0000000000000000E+000
   0.0000000000000000E+000
   0.0000000000000000E+000
   0.0000000000000000E+000
   1.0452158886661844E-012
   2.9481601188097173E-011
   4.5059350658775831E-002
   2.7858423033710888E-011
   1.5777493352251983E-017
   0.0000000000000000E+000
   0.0000000000000000E+000
   0.0000000000000000E+000
   0.0000000000000000E+000
   0.0000000000000000E+000
  -8.7278657955407095E-019
   1.1907888589666218E-017
   8.5585547818070274E-016
   1.2948026146117919E-017
   2.1525212168249652E-012
   0.0000000000000000E+000
   0.0000000000000000E+000
   0.0000000000000000E+000
   0.0000000000000000E+000
   0.0000000000000000E+000
   0.0000000000000000E+000
   1.0849945074331568E-012
  -1.0442329212013390E-002
  -1.4404823362769437E-012
   4.9347234060703125E-018
   0.0000000000000000E+000
   0.0000000000000000E+000
   0.0000000000000000E+000
   0.0000000000000000E+000
   0.0000000000000000E+000
  -1.0849945074331568E-012
   0.0000000000000000E+000
   4.2583495338535921E-002
   1.2544570417161172E-011
   9.1626310394050316E-018
   0.0000000000000000E+000
   0.0000000000000000E+000
   0.0000000000000000E+000
   0.0000000000000000E+000
   0.0000000000000000E+000
   1.0442329212013390E-002
  -4.2583495338535921E-002
   0.0000000000000000E+000
  -3.0682291587322767E-002
  -2.0572601363287311E-016
   0.0000000000000000E+000
   0.0000000000000000E+000
   0.0000000000000000E+000
   0.0000000000000000E+000
   0.0000000000000000E+000
   1.4404823362769437E-012
  -1.2544570417161172E-011
   3.0682291587322767E-002
   0.0000000000000000E+000
   1.6504796541273869E-017
   0.0000000000000000E+000
   0.0000000000000000E+000
   0.0000000000000000E+000
   0.0000000000000000E+000
   0.0000000000000000E+000
  -4.9347234060703125E-018
  -9.1626310394050316E-018
   2.0572601363287311E-016
  -1.6504796541273869E-017
   0.0000000000000000E+000
   0.0000000000000000E+000
   0.0000000000000000E+000
   0.0000000000000000E+000
   0.0000000000000000E+000
   0.0000000000000000E+000
   0.0000000000000000E+000
   0.0000000000000000E+000
   0.0000000000000000E+000
   0.0000000000000000E+000
   0.0000000000000000E+000
   0.0000000000000000E+000
   0.0000000000000000E+000
   0.0000000000000000E+000
   0.0000000000000000E+000
   0.0000000000000000E+000
   0.0000000000000000E+000
   0.0000000000000000E+000
   0.0000000000000000E+000
   0.0000000000000000E+000
   0.0000000000000000E+000
   0.0000000000000000E+000
   0.0000000000000000E+000
   0.0000000000000000E+000
   0.0000000000000000E+000
   0.0000000000000000E+000
   0.0000000000000000E+000
   0.0000000000000000E+000
   0.0000000000000000E+000
   0.0000000000000000E+000
   0.0000000000000000E+000
   0.0000000000000000E+000
   0.0000000000000000E+000
   0.0000000000000000E+000
   0.0000000000000000E+000
   0.0000000000000000E+000
   0.0000000000000000E+000
   0.0000000000000000E+000
   0.0000000000000000E+000
   0.0000000000000000E+000
   0.0000000000000000E+000
   0.0000000000000000E+000
   0.0000000000000000E+000
   0.0000000000000000E+000
   0.0000000000000000E+000
   0.0000000000000000E+000
   0.0000000000000000E+000
   0.0000000000000000E+000
   0.0000000000000000E+000
   0.0000000000000000E+000
   0.0000000000000000E+000
   0.0000000000000000E+000
   0.0000000000000000E+000
   0.0000000000000000E+000
   0.0000000000000000E+000
   0.0000000000000000E+000
   0.0000000000000000E+000
   0.0000000000000000E+000
   0.0000000000000000E+000
   0.0000000000000000E+000
   0.0000000000000000E+000
   0.0000000000000000E+000
   0.0000000000000000E+000
   0.0000000000000000E+000
   0.0000000000000000E+000
   0.0000000000000000E+000
   0.0000000000000000E+000
   0.0000000000000000E+000
   0.0000000000000000E+000
   0.0000000000000000E+000
   0.0000000000000000E+000
   0.0000000000000000E+000
   0.0000000000000000E+000
   0.0000000000000000E+000
   0.0000000000000000E+000
   0.0000000000000000E+000
   0.0000000000000000E+000
   0.0000000000000000E+000
   0.0000000000000000E+000
   0.0000000000000000E+000
   0.0000000000000000E+000
   0.0000000000000000E+000
   0.0000000000000000E+000
   0.0000000000000000E+000
   0.0000000000000000E+000
   0.0000000000000000E+000
   0.0000000000000000E+000
   0.0000000000000000E+000
   0.0000000000000000E+000
   0.0000000000000000E+000
   0.0000000000000000E+000
   0.0000000000000000E+000
   0.0000000000000000E+000
   0.0000000000000000E+000
   0.0000000000000000E+000
   0.0000000000000000E+000
   0.0000000000000000E+000
   0.0000000000000000E+000
   0.0000000000000000E+000
   0.0000000000000000E+000
   0.0000000000000000E+000
   0.0000000000000000E+000
   0.0000000000000000E+000
   0.0000000000000000E+000
   0.0000000000000000E+000
   0.0000000000000000E+000
   0.0000000000000000E+000
   0.0000000000000000E+000
   0.0000000000000000E+000
   0.0000000000000000E+000
   0.0000000000000000E+000
   0.0000000000000000E+000
   0.0000000000000000E+000
   0.0000000000000000E+000
   0.0000000000000000E+000
   0.0000000000000000E+000
   0.0000000000000000E+000
   0.0000000000000000E+000
   0.0000000000000000E+000
   0.0000000000000000E+000
   0.0000000000000000E+000
   0.0000000000000000E+000
   0.0000000000000000E+000
   0.0000000000000000E+000
   0.0000000000000000E+000
   0.0000000000000000E+000
   0.0000000000000000E+000
   0.0000000000000000E+000
   0.0000000000000000E+000
   0.0000000000000000E+000
   0.0000000000000000E+000
   0.0000000000000000E+000
   0.0000000000000000E+000
   0.0000000000000000E+000
   0.0000000000000000E+000
   0.0000000000000000E+000
   0.0000000000000000E+000
   0.0000000000000000E+000
   0.0000000000000000E+000
   0.0000000000000000E+000
   0.0000000000000000E+000
   0.0000000000000000E+000
   0.0000000000000000E+000
   0.0000000000000000E+000
   0.0000000000000000E+000
   0.0000000000000000E+000
   0.0000000000000000E+000
   0.0000000000000000E+000
   0.0000000000000000E+000
   0.0000000000000000E+000
   0.0000000000000000E+000
   0.0000000000000000E+000
   0.0000000000000000E+000
   0.0000000000000000E+000
   0.0000000000000000E+000
   0.0000000000000000E+000
   0.0000000000000000E+000
   0.0000000000000000E+000
   0.0000000000000000E+000
   0.0000000000000000E+000
   0.0000000000000000E+000
  -1.2985380762472413E-012
   1.9684701460000176E-012
  -3.6357572815775264E-003
  -2.4857116148399583E-012
   6.2049774924887175E-019
   0.0000000000000000E+000
   0.0000000000000000E+000
   0.0000000000000000E+000
   0.0000000000000000E+000
   0.0000000000000000E+000
   8.8347563856686073E-013
  -3.5285710985044627E-012
  -3.4905815637713930E-002
  -1.6937045516085547E-011
  -7.0955051833335204E-018
   0.0000000000000000E+000
   0.0000000000000000E+000
   0.0000000000000000E+000
   0.0000000000000000E+000
   0.0000000000000000E+000
   6.8065719304358637E-003
  -7.7489310976249851E-002
   3.4001350346368753E-011
  -7.5741642246098570E-002
  -1.4253985631947006E-015
   0.0000000000000000E+000
   0.0000000000000000E+000
   0.0000000000000000E+000
   0.0000000000000000E+000
   0.0000000000000000E+000
  -1.0452292785630146E-012
  -2.9481615933246719E-011
  -4.5059350658775803E-002
  -2.7858444717754338E-011
  -1.3828215065183868E-017
   0.0000000000000000E+000
   0.0000000000000000E+000
   0.0000000000000000E+000
   0.0000000000000000E+000
   0.0000000000000000E+000
  -4.3142256568214407E-018
  -1.6258136222738552E-017
  -1.2196725495618275E-015
  -3.0333011606457738E-017
  -2.1525069053562884E-012
   1.2985380762472413E-012
  -8.8347563856686073E-013
  -6.8065719304358637E-003
   1.0452292785630146E-012
   4.3142256568214407E-018
   0.0000000000000000E+000
   0.0000000000000000E+000
   0.0000000000000000E+000
   0.0000000000000000E+000
   0.0000000000000000E+000
  -1.9684701460000176E-012
   3.5285710985044627E-012
   7.7489310976249851E-002
   2.9481615933246719E-011
   1.6258136222738552E-017
   0.0000000000000000E+000
   0.0000000000000000E+000
   0.0000000000000000E+000
   0.0000000000000000E+000
   0.0000000000000000E+000
   3.6357572815775264E-003
   3.4905815637713930E-002
  -3.4001350346368753E-011
   4.5059350658775803E-002
   1.2196725495618275E-015
   0.0000000000000000E+000
   0.0000000000000000E+000
   0.0000000000000000E+000
   0.0000000000000000E+000
   0.0000000000000000E+000
   2.4857116148399583E-012
   1.6937045516085547E-011
   7.5741642246098570E-002
   2.7858444717754338E-011
   3.0333011606457738E-017
   0.0000000000000000E+000
   0.0000000000000000E+000
   0.0000000000000000E+000
   0.0000000000000000E+000
   0.0000000000000000E+000
  -6.2049774924887175E-019
   7.0955051833335204E-018
   1.4253985631947006E-015
   1.3828215065183868E-017
   2.1525069053562884E-012
   0.0000000000000000E+000
   0.0000000000000000E+000
   0.0000000000000000E+000
   0.0000000000000000E+000
   0.0000000000000000E+000
   0.0000000000000000E+000
   0.0000000000000000E+000
   0.0000000000000000E+000
   0.0000000000000000E+000
   0.0000000000000000E+000
   2.1913015575458796E-002
   1.8786457933024969E-002
   2.2187119762956398E-012
  -1.3032675891748332E-002
  -2.3784424823317636E-016
   0.0000000000000000E+000
   0.0000000000000000E+000
   0.0000000000000000E+000
   0.0000000000000000E+000
   0.0000000000000000E+000
   1.8786457933024976E-002
   6.2338065122220059E-002
   1.1137604727373684E-011
  -1.7197389364310214E-002
  -2.8469807485242076E-016
   0.0000000000000000E+000
   0.0000000000000000E+000
   0.0000000000000000E+000
   0.0000000000000000E+000
   0.0000000000000000E+000
   2.2187158794234607E-012
   1.1137611666267588E-011
   0.1511065641560226     
   3.6825016994090909E-011
   2.3331792724616605E-017
   0.0000000000000000E+000
   0.0000000000000000E+000
   0.0000000000000000E+000
   0.0000000000000000E+000
   0.0000000000000000E+000
  -1.3032675891748328E-002
  -1.7197389364310263E-002
   3.6825070770518664E-011
   6.6960821492707712E-002
   1.2168597733572692E-015
   0.0000000000000000E+000
   0.0000000000000000E+000
   0.0000000000000000E+000
   0.0000000000000000E+000
   0.0000000000000000E+000
  -1.8957174636358062E-018
   4.3619759626728070E-016
   2.3371928842168014E-017
   3.3564717347978966E-016
   2.4722914589473118E-002
  -2.1913015575458796E-002
  -1.8786457933024976E-002
  -2.2187158794234607E-012
   1.3032675891748328E-002
   1.8957174636358062E-018
   0.0000000000000000E+000
   0.0000000000000000E+000
   0.0000000000000000E+000
   0.0000000000000000E+000
   0.0000000000000000E+000
  -1.8786457933024969E-002
  -6.2338065122220059E-002
  -1.1137611666267588E-011
   1.7197389364310263E-002
  -4.3619759626728070E-016
   0.0000000000000000E+000
   0.0000000000000000E+000
   0.0000000000000000E+000
   0.0000000000000000E+000
   0.0000000000000000E+000
  -2.2187119762956398E-012
  -1.1137604727373684E-011
  -0.1511065641560226     
  -3.6825070770518664E-011
  -2.3371928842168014E-017
   0.0000000000000000E+000
   0.0000000000000000E+000
   0.0000000000000000E+000
   0.0000000000000000E+000
   0.0000000000000000E+000
   1.3032675891748332E-002
   1.7197389364310214E-002
  -3.6825016994090909E-011
  -6.6960821492707712E-002
  -3.3564717347978966E-016
   0.0000000000000000E+000
   0.0000000000000000E+000
   0.0000000000000000E+000
   0.0000000000000000E+000
   0.0000000000000000E+000
   2.3784424823317636E-016
   2.8469807485242076E-016
  -2.3331792724616605E-017
  -1.2168597733572692E-015
  -2.4722914589473118E-002
   0.0000000000000000E+000
   0.0000000000000000E+000
   0.0000000000000000E+000
   0.0000000000000000E+000
   0.0000000000000000E+000
   0.0000000000000000E+000
   0.0000000000000000E+000
   0.0000000000000000E+000
   0.0000000000000000E+000
   0.0000000000000000E+000
  -3.0986773096018543E-002
  -5.9819083226010381E-003
  -1.0328057853392636E-012
  -4.5426845597975251E-004
   5.7797948932519155E-018
   0.0000000000000000E+000
   0.0000000000000000E+000
   0.0000000000000000E+000
   0.0000000000000000E+000
   0.0000000000000000E+000
  -5.9819083226010572E-003
  -0.1008702913112078     
   2.6077338205476863E-011
  -6.2152555352530316E-002
  -1.0903797334635530E-015
   0.0000000000000000E+000
   0.0000000000000000E+000
   0.0000000000000000E+000
   0.0000000000000000E+000
   0.0000000000000000E+000
  -1.0328399919178055E-012
   2.6077348613817719E-011
  -7.4377293240839054E-002
   1.2221477302398753E-011
  -2.0202601967166946E-017
   0.0000000000000000E+000
   0.0000000000000000E+000
   0.0000000000000000E+000
   0.0000000000000000E+000
   0.0000000000000000E+000
  -4.5426845597970503E-004
  -6.2152555352530330E-002
   1.2221505057974369E-011
  -6.5869595398627967E-002
  -1.1749770358664384E-015
   0.0000000000000000E+000
   0.0000000000000000E+000
   0.0000000000000000E+000
   0.0000000000000000E+000
   0.0000000000000000E+000
   5.7079573556915299E-016
  -4.1063429263314488E-016
  -6.9099428425328303E-018
   3.4373337892800360E-016
  -3.8680587899978150E-002
   3.0986773096018543E-002
   5.9819083226010572E-003
   1.0328399919178055E-012
   4.5426845597970503E-004
  -5.7079573556915299E-016
   0.0000000000000000E+000
   0.0000000000000000E+000
   0.0000000000000000E+000
   0.0000000000000000E+000
   0.0000000000000000E+000
   5.9819083226010381E-003
   0.1008702913112078     
  -2.6077348613817719E-011
   6.2152555352530330E-002
   4.1063429263314488E-016
   0.0000000000000000E+000
   0.0000000000000000E+000
   0.0000000000000000E+000
   0.0000000000000000E+000
   0.0000000000000000E+000
   1.0328057853392636E-012
  -2.6077338205476863E-011
   7.4377293240839054E-002
  -1.2221505057974369E-011
   6.9099428425328303E-018
   0.0000000000000000E+000
   0.0000000000000000E+000
   0.0000000000000000E+000
   0.0000000000000000E+000
   0.0000000000000000E+000
   4.5426845597975251E-004
   6.2152555352530316E-002
  -1.2221477302398753E-011
   6.5869595398627967E-002
  -3.4373337892800360E-016
   0.0000000000000000E+000
   0.0000000000000000E+000
   0.0000000000000000E+000
   0.0000000000000000E+000
   0.0000000000000000E+000
  -5.7797948932519155E-018
   1.0903797334635530E-015
   2.0202601967166946E-017
   1.1749770358664384E-015
   3.8680587899978150E-002
   0.0000000000000000E+000
   0.0000000000000000E+000
   0.0000000000000000E+000
   0.0000000000000000E+000
   0.0000000000000000E+000
   0.0000000000000000E+000
   0.0000000000000000E+000
   0.0000000000000000E+000
   0.0000000000000000E+000
   0.0000000000000000E+000
   1.2985380762472413E-012
  -1.9684701460000176E-012
   3.6357572815775264E-003
   2.4857116148399583E-012
  -6.2049774924887175E-019
   0.0000000000000000E+000
   0.0000000000000000E+000
   0.0000000000000000E+000
   0.0000000000000000E+000
   0.0000000000000000E+000
  -8.8347563856686073E-013
   3.5285710985044627E-012
   3.4905815637713930E-002
   1.6937045516085547E-011
   7.0955051833335204E-018
   0.0000000000000000E+000
   0.0000000000000000E+000
   0.0000000000000000E+000
   0.0000000000000000E+000
   0.0000000000000000E+000
  -6.8065719304358637E-003
   7.7489310976249851E-002
  -3.4001350346368753E-011
   7.5741642246098570E-002
   1.4253985631947006E-015
   0.0000000000000000E+000
   0.0000000000000000E+000
   0.0000000000000000E+000
   0.0000000000000000E+000
   0.0000000000000000E+000
   1.0452292785630146E-012
   2.9481615933246719E-011
   4.5059350658775803E-002
   2.7858444717754338E-011
   1.3828215065183868E-017
   0.0000000000000000E+000
   0.0000000000000000E+000
   0.0000000000000000E+000
   0.0000000000000000E+000
   0.0000000000000000E+000
   4.3142256568214407E-018
   1.6258136222738552E-017
   1.2196725495618275E-015
   3.0333011606457738E-017
   2.1525069053562884E-012
  -1.2985380762472413E-012
   8.8347563856686073E-013
   6.8065719304358637E-003
  -1.0452292785630146E-012
  -4.3142256568214407E-018
   0.0000000000000000E+000
   0.0000000000000000E+000
   0.0000000000000000E+000
   0.0000000000000000E+000
   0.0000000000000000E+000
   1.9684701460000176E-012
  -3.5285710985044627E-012
  -7.7489310976249851E-002
  -2.9481615933246719E-011
  -1.6258136222738552E-017
   0.0000000000000000E+000
   0.0000000000000000E+000
   0.0000000000000000E+000
   0.0000000000000000E+000
   0.0000000000000000E+000
  -3.6357572815775264E-003
  -3.4905815637713930E-002
   3.4001350346368753E-011
  -4.5059350658775803E-002
  -1.2196725495618275E-015
   0.0000000000000000E+000
   0.0000000000000000E+000
   0.0000000000000000E+000
   0.0000000000000000E+000
   0.0000000000000000E+000
  -2.4857116148399583E-012
  -1.6937045516085547E-011
  -7.5741642246098570E-002
  -2.7858444717754338E-011
  -3.0333011606457738E-017
   0.0000000000000000E+000
   0.0000000000000000E+000
   0.0000000000000000E+000
   0.0000000000000000E+000
   0.0000000000000000E+000
   6.2049774924887175E-019
  -7.0955051833335204E-018
  -1.4253985631947006E-015
  -1.3828215065183868E-017
  -2.1525069053562884E-012
   0.0000000000000000E+000
   0.0000000000000000E+000
   0.0000000000000000E+000
   0.0000000000000000E+000
   0.0000000000000000E+000
   0.0000000000000000E+000
   0.0000000000000000E+000
   0.0000000000000000E+000
   0.0000000000000000E+000
   0.0000000000000000E+000
   0.0000000000000000E+000
   0.0000000000000000E+000
   0.0000000000000000E+000
   0.0000000000000000E+000
   0.0000000000000000E+000
   0.0000000000000000E+000
   0.0000000000000000E+000
   0.0000000000000000E+000
   0.0000000000000000E+000
   0.0000000000000000E+000
   0.0000000000000000E+000
   0.0000000000000000E+000
   0.0000000000000000E+000
   0.0000000000000000E+000
   0.0000000000000000E+000
   0.0000000000000000E+000
   0.0000000000000000E+000
   0.0000000000000000E+000
   0.0000000000000000E+000
   0.0000000000000000E+000
   0.0000000000000000E+000
   0.0000000000000000E+000
   0.0000000000000000E+000
   0.0000000000000000E+000
   0.0000000000000000E+000
   0.0000000000000000E+000
   0.0000000000000000E+000
   0.0000000000000000E+000
   0.0000000000000000E+000
   0.0000000000000000E+000
   0.0000000000000000E+000
   0.0000000000000000E+000
   0.0000000000000000E+000
   0.0000000000000000E+000
   0.0000000000000000E+000
   0.0000000000000000E+000
   0.0000000000000000E+000
   0.0000000000000000E+000
   0.0000000000000000E+000
   0.0000000000000000E+000
   0.0000000000000000E+000
   0.0000000000000000E+000
   0.0000000000000000E+000
   0.0000000000000000E+000
   0.0000000000000000E+000
   0.0000000000000000E+000
   0.0000000000000000E+000
   0.0000000000000000E+000
   0.0000000000000000E+000
   0.0000000000000000E+000
   0.0000000000000000E+000
   0.0000000000000000E+000
   0.0000000000000000E+000
   0.0000000000000000E+000
   0.0000000000000000E+000
   0.0000000000000000E+000
   0.0000000000000000E+000
   0.0000000000000000E+000
   0.0000000000000000E+000
   0.0000000000000000E+000
   0.0000000000000000E+000
   0.0000000000000000E+000
   0.0000000000000000E+000
   0.0000000000000000E+000
   0.0000000000000000E+000
   0.0000000000000000E+000
   0.0000000000000000E+000
   0.0000000000000000E+000
   0.0000000000000000E+000
   0.0000000000000000E+000
   0.0000000000000000E+000
   0.0000000000000000E+000
   0.0000000000000000E+000
   0.0000000000000000E+000
   0.0000000000000000E+000
   0.0000000000000000E+000
   0.0000000000000000E+000
   0.0000000000000000E+000
   0.0000000000000000E+000
   0.0000000000000000E+000
   0.0000000000000000E+000
   0.0000000000000000E+000
   0.0000000000000000E+000
   0.0000000000000000E+000
   0.0000000000000000E+000
   0.0000000000000000E+000
   0.0000000000000000E+000
   0.0000000000000000E+000
   0.0000000000000000E+000
   0.0000000000000000E+000
   0.0000000000000000E+000
   0.0000000000000000E+000
   0.0000000000000000E+000
   0.0000000000000000E+000
   0.0000000000000000E+000
   0.0000000000000000E+000
   0.0000000000000000E+000
   0.0000000000000000E+000
   0.0000000000000000E+000
   0.0000000000000000E+000
   0.0000000000000000E+000
   0.0000000000000000E+000
   0.0000000000000000E+000
   0.0000000000000000E+000
   0.0000000000000000E+000
   0.0000000000000000E+000
   0.0000000000000000E+000
   0.0000000000000000E+000
   0.0000000000000000E+000
   0.0000000000000000E+000
   0.0000000000000000E+000
   0.0000000000000000E+000
   0.0000000000000000E+000
   0.0000000000000000E+000
   0.0000000000000000E+000
   0.0000000000000000E+000
   0.0000000000000000E+000
   0.0000000000000000E+000
   0.0000000000000000E+000
   0.0000000000000000E+000
   0.0000000000000000E+000
   0.0000000000000000E+000
   0.0000000000000000E+000
   0.0000000000000000E+000
   0.0000000000000000E+000
   0.0000000000000000E+000
   0.0000000000000000E+000
   0.0000000000000000E+000
   0.0000000000000000E+000
   0.0000000000000000E+000
   0.0000000000000000E+000
   0.0000000000000000E+000
   0.0000000000000000E+000
   0.0000000000000000E+000
   0.0000000000000000E+000
   0.0000000000000000E+000
   0.0000000000000000E+000
   0.0000000000000000E+000
   0.0000000000000000E+000
   0.0000000000000000E+000
   0.0000000000000000E+000
   0.0000000000000000E+000
   0.0000000000000000E+000
   0.0000000000000000E+000
   0.0000000000000000E+000
   0.0000000000000000E+000
   0.0000000000000000E+000
   0.0000000000000000E+000
   0.0000000000000000E+000
   0.0000000000000000E+000
   0.0000000000000000E+000
  -1.0849945074331568E-012
   1.0442329212013390E-002
   1.4404823362769437E-012
  -4.9347234060703125E-018
   0.0000000000000000E+000
   0.0000000000000000E+000
   0.0000000000000000E+000
   0.0000000000000000E+000
   0.0000000000000000E+000
   1.0849945074331568E-012
   0.0000000000000000E+000
  -4.2583495338535921E-002
  -1.2544570417161172E-011
  -9.1626310394050316E-018
   0.0000000000000000E+000
   0.0000000000000000E+000
   0.0000000000000000E+000
   0.0000000000000000E+000
   0.0000000000000000E+000
  -1.0442329212013390E-002
   4.2583495338535921E-002
   0.0000000000000000E+000
   3.0682291587322767E-002
   2.0572601363287311E-016
   0.0000000000000000E+000
   0.0000000000000000E+000
   0.0000000000000000E+000
   0.0000000000000000E+000
   0.0000000000000000E+000
  -1.4404823362769437E-012
   1.2544570417161172E-011
  -3.0682291587322767E-002
   0.0000000000000000E+000
  -1.6504796541273869E-017
   0.0000000000000000E+000
   0.0000000000000000E+000
   0.0000000000000000E+000
   0.0000000000000000E+000
   0.0000000000000000E+000
   4.9347234060703125E-018
   9.1626310394050316E-018
  -2.0572601363287311E-016
   1.6504796541273869E-017
   0.0000000000000000E+000
   0.0000000000000000E+000
   0.0000000000000000E+000
   0.0000000000000000E+000
   0.0000000000000000E+000
   0.0000000000000000E+000
   1.2985326145787974E-012
  -8.8345872501296996E-013
  -6.8065719304358369E-003
   1.0452158886661844E-012
  -8.7278657955407095E-019
   0.0000000000000000E+000
   0.0000000000000000E+000
   0.0000000000000000E+000
   0.0000000000000000E+000
   0.0000000000000000E+000
  -1.9684661886620880E-012
   3.5285858436540085E-012
   7.7489310976249823E-002
   2.9481601188097173E-011
   1.1907888589666218E-017
   0.0000000000000000E+000
   0.0000000000000000E+000
   0.0000000000000000E+000
   0.0000000000000000E+000
   0.0000000000000000E+000
   3.6357572815775233E-003
   3.4905815637713916E-002
  -3.4001336468580945E-011
   4.5059350658775831E-002
   8.5585547818070274E-016
   0.0000000000000000E+000
   0.0000000000000000E+000
   0.0000000000000000E+000
   0.0000000000000000E+000
   0.0000000000000000E+000
   2.4857240831649419E-012
   1.6937043781362071E-011
   7.5741642246098570E-002
   2.7858423033710888E-011
   1.2948026146117919E-017
   0.0000000000000000E+000
   0.0000000000000000E+000
   0.0000000000000000E+000
   0.0000000000000000E+000
   0.0000000000000000E+000
   2.0832144226928096E-019
   1.1105758717162601E-017
   6.2738096850056147E-016
   1.5777493352251983E-017
   2.1525212168249652E-012
  -1.2985326145787974E-012
   1.9684661886620880E-012
  -3.6357572815775233E-003
  -2.4857240831649419E-012
  -2.0832144226928096E-019
   0.0000000000000000E+000
   0.0000000000000000E+000
   0.0000000000000000E+000
   0.0000000000000000E+000
   0.0000000000000000E+000
   8.8345872501296996E-013
  -3.5285858436540085E-012
  -3.4905815637713916E-002
  -1.6937043781362071E-011
  -1.1105758717162601E-017
   0.0000000000000000E+000
   0.0000000000000000E+000
   0.0000000000000000E+000
   0.0000000000000000E+000
   0.0000000000000000E+000
   6.8065719304358369E-003
  -7.7489310976249823E-002
   3.4001336468580945E-011
  -7.5741642246098570E-002
  -6.2738096850056147E-016
   0.0000000000000000E+000
   0.0000000000000000E+000
   0.0000000000000000E+000
   0.0000000000000000E+000
   0.0000000000000000E+000
  -1.0452158886661844E-012
  -2.9481601188097173E-011
  -4.5059350658775831E-002
  -2.7858423033710888E-011
  -1.5777493352251983E-017
   0.0000000000000000E+000
   0.0000000000000000E+000
   0.0000000000000000E+000
   0.0000000000000000E+000
   0.0000000000000000E+000
   8.7278657955407095E-019
  -1.1907888589666218E-017
  -8.5585547818070274E-016
  -1.2948026146117919E-017
  -2.1525212168249652E-012
   0.0000000000000000E+000
   0.0000000000000000E+000
   0.0000000000000000E+000
   0.0000000000000000E+000
   0.0000000000000000E+000
   0.0000000000000000E+000
   0.0000000000000000E+000
   0.0000000000000000E+000
   0.0000000000000000E+000
   0.0000000000000000E+000
  -2.1913015575458796E-002
  -1.8786457933024969E-002
  -2.2187119762956398E-012
   1.3032675891748332E-002
   2.3784424823317636E-016
   0.0000000000000000E+000
   0.0000000000000000E+000
   0.0000000000000000E+000
   0.0000000000000000E+000
   0.0000000000000000E+000
  -1.8786457933024976E-002
  -6.2338065122220059E-002
  -1.1137604727373684E-011
   1.7197389364310214E-002
   2.8469807485242076E-016
   0.0000000000000000E+000
   0.0000000000000000E+000
   0.0000000000000000E+000
   0.0000000000000000E+000
   0.0000000000000000E+000
  -2.2187158794234607E-012
  -1.1137611666267588E-011
  -0.1511065641560226     
  -3.6825016994090909E-011
  -2.3331792724616605E-017
   0.0000000000000000E+000
   0.0000000000000000E+000
   0.0000000000000000E+000
   0.0000000000000000E+000
   0.0000000000000000E+000
   1.3032675891748328E-002
   1.7197389364310263E-002
  -3.6825070770518664E-011
  -6.6960821492707712E-002
  -1.2168597733572692E-015
   0.0000000000000000E+000
   0.0000000000000000E+000
   0.0000000000000000E+000
   0.0000000000000000E+000
   0.0000000000000000E+000
   1.8957174636358062E-018
  -4.3619759626728070E-016
  -2.3371928842168014E-017
  -3.3564717347978966E-016
  -2.4722914589473118E-002
   2.1913015575458796E-002
   1.8786457933024976E-002
   2.2187158794234607E-012
  -1.3032675891748328E-002
  -1.8957174636358062E-018
   0.0000000000000000E+000
   0.0000000000000000E+000
   0.0000000000000000E+000
   0.0000000000000000E+000
   0.0000000000000000E+000
   1.8786457933024969E-002
   6.2338065122220059E-002
   1.1137611666267588E-011
  -1.7197389364310263E-002
   4.3619759626728070E-016
   0.0000000000000000E+000
   0.0000000000000000E+000
   0.0000000000000000E+000
   0.0000000000000000E+000
   0.0000000000000000E+000
   2.2187119762956398E-012
   1.1137604727373684E-011
   0.1511065641560226     
   3.6825070770518664E-011
   2.3371928842168014E-017
   0.0000000000000000E+000
   0.0000000000000000E+000
   0.0000000000000000E+000
   0.0000000000000000E+000
   0.0000000000000000E+000
  -1.3032675891748332E-002
  -1.7197389364310214E-002
   3.6825016994090909E-011
   6.6960821492707712E-002
   3.3564717347978966E-016
   0.0000000000000000E+000
   0.0000000000000000E+000
   0.0000000000000000E+000
   0.0000000000000000E+000
   0.0000000000000000E+000
  -2.3784424823317636E-016
  -2.8469807485242076E-016
   2.3331792724616605E-017
   1.2168597733572692E-015
   2.4722914589473118E-002
   0.0000000000000000E+000
   0.0000000000000000E+000
   0.0000000000000000E+000
   0.0000000000000000E+000
   0.0000000000000000E+000
   0.0000000000000000E+000
   0.0000000000000000E+000
   0.0000000000000000E+000
   0.0000000000000000E+000
   0.0000000000000000E+000
   0.0000000000000000E+000
   0.0000000000000000E+000
   0.0000000000000000E+000
   0.0000000000000000E+000
   0.0000000000000000E+000
   0.0000000000000000E+000
   0.0000000000000000E+000
   0.0000000000000000E+000
   0.0000000000000000E+000
   0.0000000000000000E+000
   0.0000000000000000E+000
   0.0000000000000000E+000
   0.0000000000000000E+000
   0.0000000000000000E+000
   0.0000000000000000E+000
   0.0000000000000000E+000
   0.0000000000000000E+000
   0.0000000000000000E+000
   0.0000000000000000E+000
   0.0000000000000000E+000
   0.0000000000000000E+000
   0.0000000000000000E+000
   0.0000000000000000E+000
   0.0000000000000000E+000
   0.0000000000000000E+000
   0.0000000000000000E+000
   0.0000000000000000E+000
   0.0000000000000000E+000
   0.0000000000000000E+000
   0.0000000000000000E+000
   0.0000000000000000E+000
   0.0000000000000000E+000
   0.0000000000000000E+000
   0.0000000000000000E+000
   0.0000000000000000E+000
   0.0000000000000000E+000
   0.0000000000000000E+000
   0.0000000000000000E+000
   0.0000000000000000E+000
   0.0000000000000000E+000
   0.0000000000000000E+000
   0.0000000000000000E+000
   0.0000000000000000E+000
   0.0000000000000000E+000
   0.0000000000000000E+000
   0.0000000000000000E+000
   0.0000000000000000E+000
   0.0000000000000000E+000
   0.0000000000000000E+000
   0.0000000000000000E+000
   0.0000000000000000E+000
   1.0849945074331568E-012
  -1.0442329212013390E-002
  -1.4404823362769437E-012
   4.9347234060703125E-018
   0.0000000000000000E+000
   0.0000000000000000E+000
   0.0000000000000000E+000
   0.0000000000000000E+000
   0.0000000000000000E+000
  -1.0849945074331568E-012
   0.0000000000000000E+000
   4.2583495338535921E-002
   1.2544570417161172E-011
   9.1626310394050316E-018
   0.0000000000000000E+000
   0.0000000000000000E+000
   0.0000000000000000E+000
   0.0000000000000000E+000
   0.0000000000000000E+000
   1.0442329212013390E-002
  -4.2583495338535921E-002
   0.0000000000000000E+000
  -3.0682291587322767E-002
  -2.0572601363287311E-016
   0.0000000000000000E+000
   0.0000000000000000E+000
   0.0000000000000000E+000
   0.0000000000000000E+000
   0.0000000000000000E+000
   1.4404823362769437E-012
  -1.2544570417161172E-011
   3.0682291587322767E-002
   0.0000000000000000E+000
   1.6504796541273869E-017
   0.0000000000000000E+000
   0.0000000000000000E+000
   0.0000000000000000E+000
   0.0000000000000000E+000
   0.0000000000000000E+000
  -4.9347234060703125E-018
  -9.1626310394050316E-018
   2.0572601363287311E-016
  -1.6504796541273869E-017
   0.0000000000000000E+000
   0.0000000000000000E+000
   0.0000000000000000E+000
   0.0000000000000000E+000
   0.0000000000000000E+000
   0.0000000000000000E+000
   0.0000000000000000E+000
   0.0000000000000000E+000
   0.0000000000000000E+000
   0.0000000000000000E+000
   0.0000000000000000E+000
   0.0000000000000000E+000
   0.0000000000000000E+000
   0.0000000000000000E+000
   0.0000000000000000E+000
   0.0000000000000000E+000
   0.0000000000000000E+000
   0.0000000000000000E+000
   0.0000000000000000E+000
   0.0000000000000000E+000
   0.0000000000000000E+000
   0.0000000000000000E+000
   0.0000000000000000E+000
   0.0000000000000000E+000
   0.0000000000000000E+000
   0.0000000000000000E+000
   0.0000000000000000E+000
   0.0000000000000000E+000
   0.0000000000000000E+000
   0.0000000000000000E+000
   0.0000000000000000E+000
   0.0000000000000000E+000
   0.0000000000000000E+000
   0.0000000000000000E+000
   0.0000000000000000E+000
   0.0000000000000000E+000
   0.0000000000000000E+000
   0.0000000000000000E+000
   0.0000000000000000E+000
   0.0000000000000000E+000
   0.0000000000000000E+000
   0.0000000000000000E+000
   0.0000000000000000E+000
   0.0000000000000000E+000
   0.0000000000000000E+000
   0.0000000000000000E+000
   0.0000000000000000E+000
   0.0000000000000000E+000
   0.0000000000000000E+000
   0.0000000000000000E+000
   0.0000000000000000E+000
   0.0000000000000000E+000
   0.0000000000000000E+000
   0.0000000000000000E+000
   0.0000000000000000E+000
   0.0000000000000000E+000
   0.0000000000000000E+000
   0.0000000000000000E+000
   0.0000000000000000E+000
   0.0000000000000000E+000
   0.0000000000000000E+000
   0.0000000000000000E+000
   0.0000000000000000E+000
   0.0000000000000000E+000
   0.0000000000000000E+000
   0.0000000000000000E+000
   0.0000000000000000E+000
   0.0000000000000000E+000
   0.0000000000000000E+000
   0.0000000000000000E+000
   0.0000000000000000E+000
   0.0000000000000000E+000
   0.0000000000000000E+000
   0.0000000000000000E+000
   0.0000000000000000E+000
   0.0000000000000000E+000
   0.0000000000000000E+000
   0.0000000000000000E+000
   0.0000000000000000E+000
   0.0000000000000000E+000
   0.0000000000000000E+000
   0.0000000000000000E+000
   0.0000000000000000E+000
   0.0000000000000000E+000
   0.0000000000000000E+000
   0.0000000000000000E+000
   0.0000000000000000E+000
   0.0000000000000000E+000
   0.0000000000000000E+000
   0.0000000000000000E+000
   0.0000000000000000E+000
   0.0000000000000000E+000
   0.0000000000000000E+000
   0.0000000000000000E+000
   0.0000000000000000E+000
   0.0000000000000000E+000
   0.0000000000000000E+000
   0.0000000000000000E+000
   0.0000000000000000E+000
   0.0000000000000000E+000
   0.0000000000000000E+000
